10000 10000
3320 2157
8386 5542
4583 7768
1540 5559
4556 3638
4090 4871
2790 2468
7468 3115
44 8300
3133 1547
8194 5578
8411 3229
3158 8061
1524 5655
666 5408
8892 1023
7207 4650
9084 8244
7663 2227
1437 7411
9220 2744
8341 803
280 6096
5201 9042
6116 4207
4756 739
4013 731
1631 6568
8372 6030
418 8429
3628 8460
7441 2773
7153 4453
1386 441
1495 573
7846 4573
17 8330
1279 8613
7876 4942
1121 7193
8555 4213
6179 9781
6380 1793
5560 9268
6122 676
7041 6430
5213 7821
9461 4143
4751 520
8324 2922
6360 9087
6280 2094
8924 1589
8589 8807
9491 8853
8339 1960
8985 4406
98 8776
6567 3138
6333 9419
3106 8407
4825 8627
9475 2285
6768 5110
1655 3305
3953 3409
4520 4705
7963 1101
9051 9681
5914 8817
6555 2798
4608 9976
1862 9609
4696 3061
598 8727
1959 8420
3315 2670
2691 3683
9687 5762
5817 4497
9587 4769
1658 9317
7456 3947
3222 6034
808 4038
2684 3001
1413 2401
7855 6720
1706 3384
4717 2130
9874 3175
7853 5448
6341 114
583 1654
34 7285
473 1672
4169 2839
4774 4990
3096 1221
9793 3574
5737 2060
7659 2649
8394 7334
5114 5449
6941 3561
3162 2410
8849 7916
4072 1293
7377 8892
5004 2293
4987 1006
6471 9316
2787 6949
3198 6165
5817 518
54 7552
7144 9882
6784 5977
1041 693
3590 5497
4984 1173
4055 18
7356 5036
847 8989
8909 5889
5179 5047
7161 660
9724 7883
3960 5265
7850 6577
1977 2023
6554 8504
2236 7914
8099 8127
9345 693
7901 9515
4385 8756
5211 9700
2748 8976
7515 7648
4562 9500
9660 756
1158 640
783 9448
9040 228
7905 5818
1617 7200
3720 1350
5517 2530
5131 1173
2516 2367
4535 2388
2065 5885
9935 6967
8823 2064
820 9693
8024 6852
9718 2724
3561 7691
7609 5552
6674 4710
6331 5945
2298 8169
613 8787
9859 1611
5201 6883
8977 1403
155 6158
3936 9801
8091 419
3063 3444
449 8092
3048 6576
3185 8416
4634 3675
34 2125
6648 4159
7122 1477
2491 2170
2012 4054
5429 1772
1116 1183
3600 5841
530 2336
5351 7553
5030 9425
7698 5684
5195 9125
1752 6041
1686 4992
3856 5576
8065 7334
8809 1687
2523 22
9883 4330
3491 3704
765 1135
7781 9699
3241 1609
7139 1282
6188 2155
2664 1975
8642 935
1257 9617
9090 8583
6797 3770
2693 2732
6351 8196
3069 4677
8577 2725
1380 3827
9106 7600
7234 1018
7283 9446
1204 6986
567 3901
9161 2591
1162 224
3790 9238
2244 2471
7308 1810
9421 5768
6288 2365
4179 9502
476 2018
9577 9353
3101 8795
2019 6150
6269 2550
1039 5441
4473 5374
6038 1640
5349 4887
1716 4321
7486 217
867 5599
2560 9297
1487 8929
1770 6821
5478 4892
9375 1334
3614 1066
7614 8651
5563 3074
7668 59
1489 8554
7552 2523
1719 2027
5895 8265
1005 3044
3290 6920
1087 8529
5525 1662
5946 5358
9945 8026
7119 246
940 6217
4262 2561
2239 3467
4949 5405
1296 6609
6560 4891
8625 9306
4883 3134
4777 3455
574 4864
3978 6443
4896 3030
5251 9951
8471 6853
6374 5797
2311 3061
7484 7299
4425 6084
2440 3970
5558 7950
9849 2304
741 1948
9556 7251
2977 810
1570 5455
9150 7950
8774 9305
2765 2486
3617 9485
6830 4912
297 7837
9973 8608
5847 5643
2497 190
8433 2170
4649 1598
4392 4911
9543 9684
2498 7469
8090 9751
8682 2466
2022 1861
3350 5612
4271 5287
2569 7088
4278 5191
5706 1436
5362 2703
8470 2123
7891 3748
9650 9033
9652 547
515 4775
3967 2219
4977 3426
6949 2427
1353 4191
2733 8621
8130 3354
9165 3139
9650 5551
5095 272
4738 9000
6678 4475
6159 809
1050 6400
1971 9576
9871 9543
484 2672
1572 601
2042 2008
3691 4624
423 1840
4156 7182
9986 108
1840 6593
5236 6404
1819 6901
4279 826
3992 9131
9788 1742
6203 3641
492 6703
2019 1106
2785 3650
8175 5575
2422 1384
9859 5437
6796 8123
9115 7889
6702 6873
1327 8442
8071 8213
6311 9822
3203 9562
7553 2423
291 7537
5841 8967
9525 8437
216 6602
8116 1493
7848 9276
9595 8682
8870 7275
4208 8953
9761 6317
6351 1467
4067 324
4195 9979
3158 6865
1292 2976
9480 5112
9742 8476
706 4499
7063 692
3221 7945
3395 5952
1222 9072
5187 5077
1548 320
7531 4514
967 9434
7915 9592
1139 7193
5249 7742
3501 3864
316 3955
9302 2341
4740 6341
870 4820
5848 8962
7203 4822
2216 6589
7185 3724
1109 5171
6124 8070
6165 3726
6932 1137
2363 9305
1032 6241
2935 742
1207 811
4026 509
3954 8726
253 9957
1894 8674
2306 6632
7433 5770
2698 626
5651 1686
4648 7610
8239 2869
5111 7012
7345 553
1576 9318
6874 1811
94 5258
2234 9088
4318 5764
2245 3268
9616 1348
7594 1734
4843 9438
7664 7100
1329 9560
7553 8345
3382 7235
5404 9300
7735 766
2917 5434
7720 2391
9200 4951
9631 772
8030 8081
3375 2433
3159 9973
7927 1274
5577 6599
8317 8235
5215 8436
197 9159
4854 6010
8566 5702
5308 795
1934 5650
921 461
1109 244
3187 1093
1744 1034
5532 5797
7063 6652
319 3396
4185 4767
7244 1101
4030 1769
351 2715
3150 1158
536 1155
5136 9787
4742 1330
2277 5529
4117 5545
9574 5876
8650 3446
5003 5765
1004 9941
4925 1372
1990 4166
4686 5594
2250 6161
808 1134
7976 647
3476 494
5839 2715
8316 6921
3443 2658
9554 1307
9056 9222
9091 5712
5582 2993
6342 6188
1733 5144
1257 7435
1075 8997
1326 3492
8508 698
82 7011
7633 1795
6223 7448
5796 3787
8706 1354
5787 913
3999 7087
7779 9725
3155 5760
8614 2334
9995 2265
7728 2966
6803 799
6191 4072
1602 2469
7721 560
9108 6272
9043 3492
4807 4426
9231 4394
1658 756
789 8938
371 4015
8885 7749
8944 9916
1483 9078
3025 8226
8324 7431
1524 2545
6753 2727
304 2501
5386 220
518 9837
8261 6388
2708 6412
455 4256
4508 6848
2105 1186
9030 3665
1999 2614
2849 4428
3637 1375
8095 1505
8346 1188
1826 6105
658 539
593 5068
5255 2148
4464 9282
9824 1674
1775 1592
7572 7253
5505 7541
8033 2659
399 4654
5000 8872
478 663
6395 8996
703 1036
6410 9348
3334 2799
2138 6395
8461 3153
6567 4675
9242 8534
4603 9390
3918 2420
6944 6962
4879 4797
2578 1668
8808 4334
6793 2468
3887 647
5718 1178
4712 7259
2155 1183
888 3530
1136 8032
5501 5710
659 4126
3436 6642
879 9049
3882 1786
1489 3886
2079 1230
551 4302
344 6025
73 9041
7116 450
4973 4315
5746 9352
3478 5662
1313 2627
3932 5424
599 3193
8818 8223
3774 7774
9876 7314
4780 7920
6847 2689
5770 4578
8005 2728
6695 4550
5793 1160
7886 6801
4937 1502
6101 7993
2066 1448
9575 8466
2519 7397
8245 4794
1661 1613
1736 1218
1921 321
4250 1182
7987 4964
1062 7695
4567 2426
685 9007
5929 5551
8667 4315
5489 220
2601 9832
631 5829
8164 79
5225 3319
1293 3979
5291 8640
8019 8614
1982 3055
1070 4510
5364 7534
9517 253
2803 6652
2434 8922
3480 1408
5612 4426
2222 2955
7670 3019
143 4094
3246 4386
553 8636
2665 7411
2373 577
4229 6721
5204 3811
6847 6807
3227 5847
4677 8118
9922 1975
2127 864
5239 4851
4090 9220
2599 5510
9332 7211
8128 7386
5743 5123
7184 1038
5344 3257
5522 2855
9495 188
1371 1429
3252 2944
4080 7816
9304 3969
5003 1042
1082 7368
6253 3390
5915 370
5957 2530
5676 8031
2066 4849
254 6681
134 9828
682 3958
2219 602
6626 6015
7675 9758
7559 2066
4218 2744
9837 5605
2838 7046
684 5244
9827 7003
7657 2972
1808 8137
3156 5377
1534 4252
5059 3037
130 2087
2862 5154
2664 5875
4876 6322
5946 7028
7103 2053
8194 9631
4700 1483
1789 8185
2382 4498
8592 9826
9562 8938
4303 834
5525 2343
4363 8594
5957 8823
9772 974
6134 6757
848 7657
5487 8349
2659 6482
7588 6753
1583 9941
1533 9643
5925 7045
8758 2179
5133 5689
8328 8068
7771 4133
4904 1834
3875 6731
5198 1023
3533 4657
345 4647
6252 4628
8914 1687
1692 4669
7550 7053
6522 6531
1655 476
1193 8450
9693 5767
1362 5354
5401 9745
5643 7627
6243 4418
2715 8287
5941 8973
8829 152
943 6207
7683 6861
2060 1050
1565 1455
5589 7043
7867 9184
1140 5032
5407 6070
7900 2550
214 3741
5911 6778
8760 1451
1792 471
6253 8743
1634 7128
2179 5020
672 3094
9438 4123
8279 1804
8208 7247
3137 2313
4265 149
2508 6709
2095 1355
4458 248
7345 5464
1433 1559
905 3517
7702 801
3649 8810
3869 7833
5816 7364
6181 7396
9605 8646
2906 6134
2186 5766
2762 7192
924 297
1957 1260
3890 9065
510 6388
509 4837
1063 1600
9431 6122
1884 6023
623 593
6223 8552
8307 8601
3108 8241
1759 4054
7725 4112
4245 1274
1561 279
5773 5732
440 5093
832 7270
2802 8931
7407 4795
2041 6765
170 8265
8924 9954
5614 5891
4254 3565
5629 690
6534 725
6036 900
6504 929
4233 1349
4996 3376
3300 6718
5357 1432
7600 4588
8141 7342
2306 6275
9127 7573
8057 3330
5165 5146
3622 3432
9971 576
3934 1671
531 1447
3597 6663
6691 6899
2174 9647
1364 5321
6248 448
556 4157
9051 5714
8935 5354
6028 1604
5225 4130
2669 2477
5319 8423
7904 1640
6294 2408
4013 128
308 8512
3858 4056
4950 4684
2731 4830
9026 8156
5618 1041
6334 9499
9144 353
424 2674
6581 7270
759 4426
6525 7411
6930 2577
9972 332
9200 5935
1298 5190
6671 3224
26 1646
7161 4837
7976 4412
1940 2655
1738 9545
505 8811
2016 9824
3448 509
6838 4993
9833 8806
1250 3147
3142 1903
665 4555
7271 1451
5863 6528
7726 3927
8030 465
1188 7494
4622 913
2436 9403
7654 6705
1799 5797
1979 7687
8911 6034
2391 7886
5768 9965
3107 8014
7163 2202
3544 5213
2149 7141
7953 2662
9943 2165
8661 4009
8576 6214
6789 5699
136 6647
2977 192
8158 4817
9680 6350
3317 3466
9855 5988
3866 4025
4073 3651
5033 2474
5960 3979
848 5236
9691 4353
7092 6522
9896 1631
83 8607
468 7916
266 9677
2801 9070
6744 7047
8711 8766
6002 7453
9639 9035
344 1152
5227 9474
3928 1527
9058 8380
674 1394
7835 6743
1308 6013
9039 7914
5687 5703
1828 2788
8113 9747
6015 4868
3932 7086
4537 8430
1902 9683
3174 3692
1707 4939
9522 8211
2784 5833
9469 8408
9842 3621
2089 9987
327 9463
4417 1602
4578 8119
4444 3313
7333 2386
5298 8809
2545 6352
5566 4918
3250 7811
2917 3550
7065 8562
5622 1439
4442 1671
7618 984
3015 2278
4030 2010
9180 8896
9846 3904
2398 1591
997 8573
1645 6322
1587 741
161 4147
6541 5583
3412 999
9579 9129
8588 317
1294 2973
6268 1291
7721 7186
2379 2845
9873 2358
1269 5072
2936 1883
6769 2510
4342 8191
3139 4555
4073 8513
2499 7664
5151 1088
3054 7141
4897 7878
6586 6388
1715 5477
9536 5675
9481 3329
1029 8690
476 1118
7289 5790
2316 3371
1765 1318
4744 5104
1198 1588
5741 5828
2799 910
3724 8177
8438 2870
7167 1404
6125 2542
9468 2160
7276 4544
6394 1578
1277 5533
6868 619
1840 9284
413 2057
5137 1877
4339 23
806 5127
598 1622
5213 1319
6459 1371
1430 6322
7404 9315
1484 5204
9010 9541
3658 9122
2982 2103
7419 4213
7491 340
1283 8056
7905 6860
9388 404
8206 2508
9779 7146
6445 1759
1413 5905
7732 5733
6724 4368
3184 1540
5087 382
7740 1916
2912 2136
4786 927
199 691
7121 9233
3112 6115
3728 860
6240 8235
7762 7127
4302 8358
3802 3496
1215 6805
6560 5175
9082 5386
3109 1541
2414 1972
4931 9662
7640 5052
5609 2075
6809 3279
9014 5098
7656 3437
611 8529
1092 6290
134 7297
7853 8211
2516 9320
1955 1275
6599 1386
6095 6486
4032 1409
7089 8990
1727 3698
7737 5300
5809 3729
9194 945
2761 6280
2539 4270
2306 2340
8560 8913
8787 6977
9513 7656
692 7575
1882 4459
1680 9365
6490 749
6604 157
4720 7267
2215 1024
1467 4585
1234 5467
7440 6705
8130 4434
9290 6061
3588 6156
5244 7263
128 7903
1195 9151
1921 7374
3994 8317
276 1888
6293 2759
6959 6499
7363 1597
5124 6416
1622 579
1525 9329
9156 9767
9530 1760
1195 3299
257 770
4192 389
2438 660
409 5582
1892 3684
4972 8232
9962 3348
4359 4139
7793 6074
9058 5282
1053 5195
434 2457
7346 4282
8399 6154
6009 3771
2679 904
9139 3901
4900 5227
4173 839
7500 2414
6244 6706
3481 6405
1259 375
5144 6947
59 1451
293 587
8011 1528
6359 3669
7616 6222
2903 2547
9558 6522
8231 6372
5311 2965
8849 8297
8428 2880
109 5543
7178 798
4631 8460
9326 1220
8704 4741
8501 2124
8004 9359
4181 4592
1757 8093
2280 7973
7926 5210
8506 2149
706 2095
416 2306
1197 1239
171 9000
2547 2368
5150 1714
2752 9605
6732 6368
2391 2586
3350 1751
1112 264
9620 2410
9052 3882
7841 6519
4098 8295
1356 7797
7487 3040
8812 7661
1857 6348
4547 7494
8117 4563
7175 3206
8618 4632
7917 5157
1926 7050
1398 9220
2215 924
9023 782
6268 692
6292 1309
5109 5537
6789 2225
9864 4609
1419 2765
1654 2737
1340 1666
1261 6998
5757 416
4991 4524
4728 234
8627 669
463 2041
1434 244
4495 1588
4261 9683
648 5951
2790 4097
2588 6433
6420 9240
2950 4442
8930 7406
4973 6437
2018 8818
4425 2650
1078 7082
9190 9255
8343 7483
1079 192
7034 552
1084 8949
1184 2446
7718 3747
956 720
1178 3038
5803 2574
837 3053
2943 2475
7279 1734
7724 5135
499 1675
2535 7994
2430 8725
8059 267
5878 577
2029 6528
4637 4136
1859 7614
2566 9395
9873 4500
3463 9662
564 1755
1839 2045
2163 7952
266 3565
1315 2565
9555 6188
4233 2532
5753 5691
4821 534
213 1490
5885 7972
2251 7893
7335 2556
6815 54
1788 2421
1146 12
5017 8198
5437 98
9816 660
2277 8482
1327 1995
959 9044
5798 6624
5102 513
1279 4068
5995 6461
4513 7035
125 9813
8101 3374
2041 9813
5397 6589
1643 8333
7377 9289
438 7285
37 849
1832 3582
9128 7515
9570 27
7765 8550
1062 8560
5679 2621
626 409
5809 990
6332 31
9172 7676
1918 9687
8612 1458
1476 2187
389 1146
1139 8909
8945 2813
396 4808
3382 1947
9570 1385
2654 1709
7161 6815
799 9449
5295 719
4116 4997
4655 1995
1163 9040
5603 2084
5793 9374
106 9677
7931 8626
2859 1666
1878 9809
5769 345
9425 5156
631 9527
6665 4622
3262 38
549 3775
2220 3398
2996 3800
5215 9698
7524 5312
3283 7412
3284 2263
1640 2219
8412 857
1943 9180
7851 6373
5926 7223
1585 206
683 2252
3519 929
9405 3534
1675 6328
7409 2454
2456 5567
8308 443
7302 309
8932 1936
1110 2710
9284 4542
4144 5702
1295 2004
632 464
716 5788
5326 4432
6979 2593
5078 1086
3040 1454
984 2108
2357 520
7256 2513
4405 9310
9608 9351
2014 9919
8509 5650
9190 1917
1968 4227
6538 3153
437 6860
5699 4160
8945 8372
2266 508
727 4508
3484 190
3652 9315
9585 2690
300 4744
314 227
9156 3726
8554 1482
9474 1141
2151 161
9858 7302
9857 7036
3930 6527
2 3770
3568 2368
4773 4583
763 4661
3004 7750
2151 421
8173 5455
4780 5786
8557 7667
3489 4530
2832 4743
1678 8821
831 3936
319 9000
1691 524
4224 1714
1233 9362
3157 4429
7599 4170
7464 2895
2966 7151
7321 3865
2688 532
9265 448
755 3877
5751 522
151 9216
6471 8987
837 148
6992 2129
3505 9113
1949 861
7801 8992
7270 2371
1022 1707
2328 5683
2146 256
66 9593
4258 1035
2609 6961
5943 9954
6382 4736
9608 8573
2727 7055
6882 4549
3580 3769
554 3531
5882 9223
9362 8492
5533 7210
7418 7636
6065 4617
6729 3938
9658 9051
9501 7003
4581 5911
3327 4769
9727 4474
5786 1716
2996 8025
3853 6201
9386 6967
6351 1435
6783 9946
1907 2543
3169 1465
1884 3789
5837 872
307 3916
9897 9656
6054 8172
9702 3000
1219 7738
1888 241
9830 1711
9048 7552
1279 1946
1012 9045
2663 1872
165 1292
1605 833
1001 1929
540 8924
2482 9050
5575 918
8487 327
5352 1207
634 6285
876 4357
7338 4044
8371 3013
9097 878
3327 4703
8961 7753
588 9122
6914 6646
9263 9128
4383 1362
8833 4267
7130 565
942 7288
429 1490
9848 9699
331 1710
2658 3435
8917 9397
1834 5311
3345 8361
4342 5169
5497 3420
1171 3322
976 1744
330 6510
2570 5724
4932 2433
9052 7490
6687 379
6321 9535
3025 4168
2655 339
9868 1555
6762 8546
4435 2452
1207 1018
540 119
6787 4038
7558 2607
1669 7441
7661 2602
4882 783
796 5735
6736 1481
2195 854
6829 5128
3849 2063
3456 52
4915 8613
3839 2476
8645 2444
243 9449
5544 6873
3529 4638
5613 9273
8603 2483
1521 7573
3471 1043
6642 6180
6190 2082
2561 9921
8215 4899
616 7759
5028 7688
382 7818
1486 3675
2425 2992
3837 6605
4851 3295
7554 8990
4991 9777
9529 5196
4046 7670
553 1439
2013 4400
8798 3956
7522 7637
5113 4216
9879 2560
8885 1368
726 5689
1101 3367
5830 1494
7981 3328
9668 3330
759 9596
9141 270
6951 1797
4779 6917
6712 9484
6406 1796
6232 4121
3150 1833
6681 2721
910 7466
5754 9868
6114 9290
9686 1511
8869 2281
3419 1112
7540 1465
2334 4929
6999 3832
7052 3622
3441 2650
5364 354
8645 86
1076 7479
6764 885
449 6020
7844 7638
43 7084
283 8998
1536 6805
877 1070
2879 2734
3418 5501
8144 7733
1292 471
770 4359
1623 1054
9989 9033
273 7296
5130 5751
6484 6482
6776 1227
2002 5164
3680 9264
2681 2964
4850 2215
9447 3279
1 7162
5199 8245
8581 2255
3004 7124
5488 5584
5558 552
2436 936
4931 1770
4946 6848
6143 3622
1622 6956
9567 4594
6737 7775
9091 8188
2358 6678
426 6787
3178 180
9882 6889
4102 8713
2448 7654
9502 1224
1653 5648
1847 8521
8978 7083
5221 5500
4213 620
1010 2256
3908 1874
6806 1875
1009 9446
2387 634
3455 866
7248 995
1877 8097
1833 3289
2656 2854
1397 328
8189 4159
5736 210
9799 3739
8169 4321
1038 6329
3798 1518
489 2643
5159 402
9037 4827
1633 3259
9198 1717
3500 8400
2997 2918
5127 1976
4915 3211
7899 4296
3622 7212
7213 5932
8569 9170
9687 8281
7136 151
7209 1264
261 9469
2284 2853
3948 5730
1320 2464
3806 771
5207 771
6932 4639
6777 3966
2610 6141
3257 5184
5511 3711
3920 4351
7489 4969
4888 7466
4902 7565
5763 3356
2432 1849
2350 5539
1161 4100
3808 4898
5528 2548
9319 9908
314 2628
4102 7187
1844 452
2631 4632
7128 1409
4631 5635
7015 5191
8098 9852
9670 1828
2349 7323
2771 3438
9811 8198
730 5192
1521 1481
2563 2337
7542 7195
1646 2333
21 1070
2514 185
398 2167
8082 297
8188 3151
1394 8052
2863 5769
344 2274
9917 2501
8070 3125
7268 148
7351 4806
2484 1869
9672 6817
2491 1904
1305 1443
7520 6553
2772 3539
5684 6902
925 4751
9030 76
3130 5929
9174 7896
7078 8786
7020 8658
608 8420
9306 3062
8665 4822
7551 1686
2638 6828
1533 8426
2611 2030
718 538
4561 106
1298 8605
80 1388
1660 19
8521 3660
6239 6800
6357 1785
5042 2601
6458 9301
6955 2036
8648 2129
4875 8059
2734 5675
8486 7970
3523 8404
8263 4202
850 7479
9265 6628
7380 2903
1720 857
2116 3016
9713 5402
9312 7777
8200 4340
5484 2672
465 6214
1451 5230
6513 6854
560 3589
3613 5168
3873 959
9939 1920
94 9105
5288 979
2065 2536
3841 1977
5030 9922
6 7278
12 1041
6308 8153
5805 6827
4834 8164
4171 7637
9047 8205
2203 4962
9162 9772
902 6166
2825 5110
77 6432
5358 4017
5246 2375
2095 5962
8325 4468
8437 2820
1636 1937
9248 9825
3797 2528
3208 7269
7471 8943
7431 5449
7544 1114
1061 5582
4794 5506
5140 1154
6841 9533
845 7688
5443 6749
5082 2435
5161 4741
8310 307
7534 1370
2498 8340
2397 230
3482 6338
4960 3747
2215 6194
1950 3062
9990 5357
9300 3770
6857 3406
1912 942
636 1822
1353 6065
7002 6989
4187 4686
2145 3140
8466 787
1604 6953
2797 4550
10000 7763
4885 1033
8481 4015
4582 8749
309 5906
3885 4598
4625 2256
3378 7358
4531 6908
3544 9580
2119 3952
7843 3478
1678 9840
4297 4948
6013 7658
4444 1495
6322 6288
2903 2026
2443 9530
1159 3048
5594 1925
9884 9406
6852 6833
352 5170
2618 250
9991 6021
5834 9156
1288 1685
2326 4044
603 4693
4164 1181
3347 5073
5224 7313
9310 4029
383 3785
2890 7757
1405 5998
3274 7387
3082 6696
202 4932
7593 7039
543 8500
8073 9937
4546 2339
8719 8979
6527 5871
5635 9755
1001 7916
5930 8589
9041 4890
6948 2101
2006 8839
1447 293
207 6580
2924 3983
1319 6891
2440 4821
7992 2369
9901 6830
7595 7097
242 1292
9694 3178
5601 4348
2695 2353
4112 7454
4440 8538
4082 8534
8996 4715
2478 7633
1474 2801
1584 1260
3119 8224
6591 1794
4232 4597
9679 4644
1433 8382
2727 4446
4063 9084
9302 4664
4741 407
2962 4666
5261 3907
9329 1411
908 7971
2171 4892
2507 715
7104 5368
1580 265
5926 2975
4106 4391
1365 2459
9156 1706
151 9794
3771 9375
2042 1910
4474 1031
1048 7802
3125 1552
3065 9494
5813 886
1879 7900
3380 9993
7586 1883
2627 6817
5 1268
1556 2575
7289 9787
8277 7814
9544 3808
3130 3146
261 3263
254 7336
9994 7861
9835 4262
1266 8581
40 7132
7704 6538
1570 3619
9504 2349
4287 3069
8676 232
703 7750
4305 412
1171 4377
8852 8080
2787 37
463 2940
8698 9362
4033 9893
9061 3679
2740 441
5404 5614
4968 8573
4736 658
6624 2581
70 6679
9932 7477
306 9059
407 6853
5703 5995
2466 6554
6334 3001
9216 8354
7446 6845
451 2368
4651 4754
6359 1114
8586 6627
5438 6895
6867 7949
6620 9900
1744 2230
3747 1265
6534 8958
882 3136
761 8661
2297 1061
9236 8301
8689 5660
697 6450
1913 3343
5094 7447
9364 2608
681 7395
7329 9510
7670 8412
8923 4827
7638 2930
2083 7749
7426 3215
6618 4787
3488 3598
5635 3019
9901 2746
6648 8049
908 1768
4140 8762
750 7799
9057 5666
418 7606
8075 6779
5951 2744
1333 2152
4336 2756
5042 9897
1199 911
6871 7767
7589 3422
7287 4498
304 918
3694 9144
6023 551
5458 9689
4922 7929
8343 2537
3709 8341
9859 6950
694 7719
18 5403
2213 8771
3018 1332
7940 8901
8192 611
2255 3213
1277 7155
3670 1787
3260 2378
544 5784
7253 4004
19 7733
191 4205
3025 375
241 3391
2756 660
2906 6846
4366 8807
81 5264
682 122
2735 9521
3239 9444
5309 3301
6790 3793
1608 1615
2770 6306
6284 8546
1392 7652
5935 5926
4631 1413
2605 9054
5937 2196
4597 247
3218 6553
3985 5555
1561 821
5483 7735
4549 1050
6303 4834
6633 6990
5068 4991
947 8957
6831 8668
3498 6973
4209 6156
278 1622
175 4778
372 3505
4219 5344
2218 927
1 8422
120 7790
4253 4462
5680 8360
3163 8768
343 3676
1102 2146
8188 1969
9621 8682
968 7224
4780 4855
2743 4258
9231 6524
1910 9074
9268 6143
7533 2244
4313 2433
6080 2829
5227 5950
8224 4165
8473 7240
1399 7763
7240 5919
7556 503
1832 6948
307 4318
4711 3486
4129 6113
4197 5373
2735 3935
1768 2620
4660 3277
5089 4044
8264 4891
9118 6111
3726 8185
6801 274
8994 937
1073 3423
5908 6646
9855 5250
963 3638
6668 2250
6493 2604
9785 4754
741 9201
415 9025
119 8196
9713 2063
5673 9631
7774 8665
3058 4300
1931 7478
1423 968
5793 6042
3891 4951
9298 2187
4255 4952
6146 83
1218 3306
3316 5990
2931 991
1202 5573
381 3632
2017 3185
1946 7090
3108 531
5347 3319
8559 9116
7159 7863
191 2824
3178 1361
4985 4249
3375 269
4241 193
2410 5796
7932 2752
943 7042
7415 1215
9551 378
2281 923
900 2314
2630 5670
5210 8513
8902 2267
9313 6015
8661 2625
928 8748
5420 3042
1693 443
9345 6220
6266 736
9386 3831
2130 96
3480 6408
8916 6152
5537 4981
2686 3665
3918 8474
6591 1778
1622 7436
5638 2055
7354 3036
3630 5216
3860 8063
2750 4109
986 1611
6172 2328
951 372
7411 6211
6651 344
3557 8373
7729 1879
5938 5583
146 375
8920 3011
9065 4711
1293 4231
1862 4851
7724 4726
7 8391
9197 3208
1524 3016
376 5092
5113 4175
650 7523
7018 9255
7881 8614
9554 3257
2853 7514
7324 8773
5424 7963
5557 6532
8847 5799
6770 3132
1745 6469
7246 8228
8320 5766
7847 8585
7077 1546
8042 6624
3121 3942
4731 4268
6249 917
5386 1410
8577 524
7058 2571
349 7618
7412 5995
9972 6096
7796 4448
9718 6565
3714 9660
3119 4814
7979 7974
1036 1140
7889 4222
7966 1462
8312 9088
9581 7945
4354 2683
5662 7916
1022 9411
3432 7121
9085 8547
2051 2233
6261 1335
3922 2527
6761 4360
163 2232
5544 6809
8037 4713
6485 1363
5737 1082
3576 3388
9820 4826
3731 6844
8531 4611
9255 5667
3736 8543
5319 1989
1573 4635
781 7832
3198 1562
1885 4656
4500 445
1463 2217
2119 5570
7648 4789
1627 8187
7475 2805
9934 9153
1075 8781
6249 7768
6325 9220
5814 3652
1772 9241
2433 2572
5573 9485
4641 3342
7636 5228
7513 9652
2254 2829
8346 1174
7177 6365
1004 4864
4257 7254
8380 1605
4860 198
824 6163
7936 9453
8009 8377
3315 3879
8704 326
451 5036
6372 8932
7944 5876
7995 6134
7271 6014
8343 8685
1784 306
8339 353
3770 2614
2942 6398
5 8991
599 6349
2624 8952
4154 5572
6804 6295
793 8257
5297 270
7535 6323
4255 5983
4913 9481
4232 7876
3686 9424
2933 1486
8280 6134
1462 9036
6891 836
1717 4335
9630 5420
8989 4571
4640 560
2775 7537
4821 4499
5589 4170
8297 5971
1699 8358
1876 9831
5387 3255
814 4405
5768 1591
5653 2536
2845 2641
4524 224
7814 8831
1078 6554
1231 4672
884 7282
6516 8236
6012 502
2409 5530
9851 9725
4619 2625
1595 631
4118 8494
3352 8807
4649 199
1615 2126
6263 1053
3929 1258
3631 199
8279 703
9150 3580
2558 4916
4227 6913
2533 6561
4132 805
1644 9128
6575 9064
5263 338
3875 8675
7019 267
8688 308
273 1857
8428 632
4217 4792
6488 8511
6440 4898
9842 7130
7589 6797
6860 7208
1656 7981
7501 722
2453 2652
7575 7539
408 4559
937 7612
3024 587
5141 3431
369 3687
3348 9242
2756 6916
1849 3422
946 6715
8772 9889
3234 421
9048 2345
831 3377
9326 282
1005 8465
2379 8569
1965 5606
9952 3394
831 2958
8784 7271
2519 2891
3400 714
5171 7877
2698 782
9052 7042
1466 5160
2236 5749
4637 1739
9375 4677
4782 453
5357 6128
3891 9492
5046 4640
96 77
9231 1340
8074 1886
284 8050
1022 386
6414 2084
5699 485
5423 7312
4589 521
8364 6900
2228 3320
9555 4354
9109 8170
1820 7664
5303 1066
3869 8900
1680 452
6968 2782
681 9682
9096 8294
7024 2328
6924 3639
6732 5852
2131 2268
9334 9514
3641 2155
1334 3974
9969 3727
379 4643
2195 9258
5183 3636
5591 634
7851 8817
4883 2331
727 956
9026 6062
6740 7653
5398 3576
893 4251
5887 7198
2491 1651
9420 7792
681 7406
2161 6356
2264 2582
7610 6788
2388 9897
9247 938
9046 970
9304 891
4314 5588
7555 7106
9412 5136
9859 9855
2495 9241
812 3471
3686 6254
7005 3181
983 5208
5084 1881
8500 7900
7448 297
9452 3203
1275 5917
6842 5912
4814 135
6764 4114
2338 4954
1574 3363
1052 7363
9528 8432
2897 7462
3678 306
9795 2922
2166 4091
6794 8791
1191 3549
9350 2286
2592 9256
2755 7754
111 9683
2558 358
9843 2189
7368 1983
2596 4116
6281 684
1969 5622
1079 7163
7754 3366
3910 1309
5072 353
5522 7813
9738 5681
1979 6653
5545 6113
9408 1945
6093 1523
9168 8784
9001 9519
9580 5577
7445 684
1105 8562
4547 8660
3397 5575
4036 2659
2031 4032
8060 944
4140 5755
1907 4720
3328 4221
5725 9718
7130 4531
2093 479
7835 2334
7205 4766
3319 1966
3921 627
9341 6670
7365 3282
8068 9008
4547 5217
2326 3706
402 5169
5698 2738
1067 9825
8572 8278
4230 8367
6456 4863
8245 3265
7 7623
8335 643
4801 7928
5424 1937
1364 375
8046 5880
5179 9857
303 8504
3987 5412
6121 4684
9578 9425
5115 6125
4984 6273
2442 8244
2563 2838
3054 863
5389 9891
1023 3286
4881 5246
5418 2414
8574 9205
664 2429
4995 5519
1760 4255
5532 8389
2923 1801
876 2560
3081 3020
8092 2580
7123 2348
5266 1662
2321 1298
245 9610
4813 2878
4592 7321
2967 289
5093 5152
8506 8490
2420 5012
5598 5711
8204 6037
495 1183
9329 3896
4063 8646
8911 1274
5320 2640
4558 7857
212 7489
3558 4181
6769 3029
2373 8096
9967 8067
4367 8833
1307 3047
4229 2359
5169 4849
7033 4220
2205 4312
1008 4032
2755 9874
5017 7816
2225 9592
2302 5718
3729 4934
6409 2395
2099 2465
3001 6523
8378 2524
8100 8864
5253 204
2911 7665
3889 9611
5307 5731
6174 8858
466 1344
6687 2314
2244 136
7782 7100
7771 5622
7167 2327
2597 5509
6299 3963
6963 3170
1296 868
6253 9715
1279 8113
7289 8808
5239 2213
2876 4753
6968 2078
1359 289
3450 308
2981 3089
8383 6948
4877 1256
5958 2638
9715 8938
3009 9259
6620 3614
6345 4579
8114 1092
6769 1118
6364 9750
8297 841
5073 703
68 6348
4750 5866
9004 8009
2343 5692
2404 7735
7707 4084
5597 2033
843 7794
7853 1369
1739 2278
2286 9408
154 9626
19 378
1007 4995
7744 7949
1029 1619
4010 6395
6344 851
9373 1697
2000 9424
6365 5951
2221 1651
4414 3720
1156 1349
5672 2268
9497 5826
7941 8773
6477 574
9613 478
7803 2357
8325 1963
8125 775
9939 4836
2020 9636
6181 5764
1880 4389
9842 5970
1789 2044
9104 4109
8550 1340
520 5213
3406 5307
4968 8664
5605 9958
2279 50
6903 198
7614 41
308 2835
9285 6640
6763 8854
1116 9497
168 5923
7787 1753
1648 6663
891 3879
1947 894
5671 4116
8225 6776
7853 8274
8151 9660
2266 8382
4172 2958
1557 848
4240 2157
7162 7429
8501 3984
4234 9226
7144 755
2672 2379
2753 4684
9367 9677
6824 67
5307 777
2283 6833
6686 5530
2990 4024
4732 2650
4578 83
3392 7319
5913 31
5128 6876
4265 8283
8423 13
271 844
650 7586
5158 4132
2493 2424
1384 4148
1134 3812
4083 927
7153 2634
7248 1553
6822 4077
6032 2639
7497 2824
6808 4673
9497 8076
4031 3854
1099 5659
6342 6774
7087 6692
791 806
2755 6240
384 7048
1302 2493
9538 9513
9472 4984
1845 3215
2129 80
2783 3930
2775 7769
2197 1225
7491 6479
9648 5041
9118 1467
404 8826
3800 1370
7293 6587
1010 2284
6843 2375
4877 1211
9200 9127
7762 2253
8726 1370
8995 7659
4790 6106
9266 8531
2839 4529
1088 2651
7604 572
5560 8711
1298 6975
126 3948
1408 8361
946 7686
335 665
1210 3943
1028 9617
3439 8385
8091 8075
1142 6166
1118 1865
1537 2990
1591 3584
3175 6745
4562 8648
178 2933
583 8125
775 6338
7287 1866
9084 8308
5924 2151
565 5321
2086 1376
3519 4988
3931 2313
8112 5609
3775 4446
830 7762
8492 4319
6928 2337
1827 6316
18 8414
1916 573
5213 1108
6491 614
4774 1519
6931 3993
5190 9561
5151 5340
7850 710
8495 9996
2059 5580
1104 402
7376 8198
2911 2357
899 2587
2575 6704
4962 2634
4441 7846
7655 409
5219 6963
5738 3423
6004 4741
8245 5999
4871 5755
9112 8470
7822 3964
9886 790
4393 2364
5311 1156
5239 7482
3928 238
157 7949
488 5649
2789 4864
7693 1514
7080 8283
4222 8860
1278 949
3178 4626
533 183
5585 1621
8977 6754
480 3840
9571 740
8835 4994
6893 9175
231 6995
2565 1498
7678 2411
3688 6244
2438 6815
7553 8022
844 6942
1914 2256
1581 5019
6066 2263
2845 5019
4511 7829
9179 9682
9974 6482
2213 4041
2009 3842
7080 5843
5200 4879
4907 447
9355 3529
8220 6592
2295 7402
4587 9980
863 9070
9798 1874
5573 5107
372 560
3537 8046
4998 5620
8041 3855
8075 1361
9586 4821
7123 7651
8102 3397
1686 4951
7494 7959
2278 3477
4370 9265
8962 4559
6566 424
7853 2239
5031 8980
2174 572
6191 724
8937 2381
1925 5970
1886 7057
5809 2376
528 3950
3182 8435
2057 3689
5137 2166
6604 2453
5945 5922
5851 5999
4023 5045
522 3818
3360 3617
628 1654
864 6111
1212 4743
6113 8179
9175 8899
8957 3698
1144 3083
8065 1921
1195 4861
338 8479
2406 3626
2132 1302
7197 8356
6489 1358
3494 3898
5815 3139
5404 1911
6973 1383
1255 8136
806 4683
1068 7229
31 139
2033 4049
9478 6327
4340 8173
1108 1689
1804 7754
9917 2644
6080 7190
1012 9177
7207 7657
7828 3904
7312 2648
7725 7877
2179 345
2540 225
1526 2824
3822 1051
8245 8201
6022 206
9564 2064
3085 2445
1671 2414
921 6660
7340 1260
130 784
5783 5389
5008 8354
7222 2206
1817 9392
1846 7042
794 93
110 732
1683 6107
5738 9243
4776 9885
539 2013
6326 2161
8093 8605
9715 9982
2489 1903
168 2619
5324 6975
2067 2240
8840 7668
7272 3889
1801 3482
6921 2888
6443 4736
2150 8514
7994 8767
6390 5005
3769 3933
5750 5343
839 1377
9969 5947
2031 5351
1249 816
1152 182
3892 1859
1468 6545
2067 3486
36 5579
2448 521
8516 7358
1390 104
9403 717
1685 8517
5822 8008
6229 7263
1662 6432
2763 9506
3143 412
1746 5673
2265 668
12 4050
1708 8924
9042 2769
4832 8827
776 8216
1619 2620
5523 9638
6343 9692
4431 9453
1635 3158
9197 1816
1528 7363
6586 3388
295 6326
1062 9950
6881 3671
4595 1733
7295 8094
5452 3250
7075 6611
2712 6206
6639 515
1695 5570
4405 4342
1964 9085
8974 7038
7108 2593
5087 4578
4566 3631
8024 3837
9619 5029
7967 2320
1984 8373
6029 3311
6185 599
7943 7435
937 3570
2832 2539
3607 3287
2860 9505
4563 302
2904 8810
674 7349
1737 1909
7238 2357
2003 728
6097 296
9403 4863
5627 7977
8542 871
3314 4650
9522 9387
6610 2700
3982 7228
3222 5098
8502 4070
2685 3767
2394 9136
7168 9065
1792 7236
9779 6694
5198 2448
2969 990
7052 9132
1917 7865
1066 5805
8239 3235
8654 8442
1692 996
5009 8013
3522 245
6266 348
353 688
8170 1881
6581 6583
314 4630
2004 2616
8946 7021
9267 4816
3228 847
6350 1437
2665 6347
7847 40
3090 1233
1087 7475
897 904
5747 4895
5840 3005
72 1122
4866 5181
5466 6743
1585 7748
3906 1109
1880 135
1206 1941
4994 3615
133 4334
9699 7767
8355 3987
870 5672
7106 6160
9462 7875
7698 2145
3360 6287
682 2900
1641 5907
1399 5007
796 9830
116 2005
999 1749
9867 1157
327 3398
811 6579
2432 1306
5931 8155
2641 8631
6701 4388
4120 6871
2663 2018
4178 2331
6734 1630
1558 5205
7443 2073
7891 7540
7139 5678
6134 8865
9050 3720
6417 8506
3335 437
1192 9708
3302 7017
2109 3798
8698 2805
8351 7340
7721 7002
95 3929
9117 4537
9443 4649
5991 7260
9262 4358
8887 3050
9951 6145
3577 2279
2441 2371
5602 7018
835 1685
9756 3044
1121 7213
4863 8141
4003 233
8208 8209
7661 689
8894 1083
1255 88
2154 2353
517 7187
2215 8352
7945 5294
4835 7481
4023 9083
1844 5212
2890 7452
1766 100
6277 8339
8836 9364
2989 8008
6022 9216
1573 7339
4538 5119
3018 1642
373 8831
6480 2517
7547 3593
8444 6752
9694 3062
6004 9545
2004 7219
3411 1498
668 8977
626 3457
1666 7057
2819 9087
1313 526
1279 6494
9160 9962
6356 2631
5040 6798
8423 6418
1021 2396
5376 6926
8819 759
2438 2548
2362 1318
6824 4279
517 7396
3662 6735
3504 9580
8303 7863
9721 6803
5444 5891
513 7782
5725 646
5410 1590
4066 1155
3410 3393
2733 6498
3897 9235
3830 2005
9376 3565
7615 2219
6394 2772
6866 4693
2983 1373
8151 8536
3447 2408
9178 5618
3756 1290
8413 3712
7923 2704
5882 3039
133 1296
2875 4882
2104 3010
7133 4180
9675 560
5874 8782
9939 6682
8166 4507
7839 1884
2837 8505
8482 1396
6811 883
8690 9279
4540 5197
8349 6563
21 9040
5708 5826
8226 231
2714 141
4050 8761
1766 7751
1751 632
8278 396
1939 2936
7679 6642
6736 3908
3539 9215
1886 2014
2523 5547
9826 3365
3477 6519
1852 1244
3135 5550
4042 9433
2181 1771
2732 6715
6023 5595
6536 1472
2334 2116
4543 1861
2288 23
1519 5151
3890 1010
1626 7226
9870 2744
55 3520
5590 2853
5960 4092
4519 2349
1180 880
1825 4276
2245 2436
5766 3396
3276 2671
1281 6970
1555 8282
1625 5873
1692 5843
5830 4388
8009 1552
4452 4062
9380 2470
757 8308
3375 4376
6604 8645
3326 1699
151 961
9172 2666
6188 8232
8923 8173
856 4244
2232 1551
7523 9658
2894 9400
3912 2813
9458 680
5700 468
2015 7454
8845 1484
7115 9544
3541 1872
7001 524
526 6521
6545 2038
2657 7729
493 5122
9514 2924
5045 4444
918 4617
2525 6902
6479 7749
845 2650
9383 9010
2241 8289
7972 1750
6642 6628
9659 3846
1558 9185
3504 8116
3843 1999
9644 8358
5066 2165
2272 4458
3217 3785
3993 7303
1889 6469
7364 2053
3490 3390
6980 7280
5475 2455
4514 1561
638 547
8389 8621
1947 9323
1730 9834
2532 7423
1797 1600
8090 6688
5169 6148
886 7053
9732 347
9586 4956
9727 5508
6233 1180
6308 1719
4427 7240
1408 6909
1462 8574
572 9103
5954 5777
3342 2692
2219 2765
1174 5013
5077 2041
2502 532
4171 4081
6832 1389
7048 724
2215 363
8826 9419
5359 8237
179 364
9846 4107
8994 3101
9991 3204
1425 2125
268 9097
8336 7600
4468 2240
7139 1385
2358 9841
8408 2589
3093 4149
6843 5333
1732 257
237 3860
2300 7133
1106 6586
2043 233
4026 4408
3999 450
4578 8981
7156 6690
6156 6625
3018 6390
8220 8312
8314 2164
5381 7113
2026 5660
6067 7383
4511 8526
5882 911
4403 940
6719 6635
5704 8226
9334 5127
1196 8147
1692 4626
3517 38
4005 2424
2798 7729
2329 7917
3274 3588
3322 8380
712 3497
185 8673
2272 5434
8697 1028
9118 6580
3828 9975
628 9019
1374 7473
981 8606
4647 9917
6047 2333
1124 9932
2728 1528
4608 9570
5629 1593
7983 3936
1942 5780
4723 5277
4990 942
9763 858
5762 7676
4840 342
2104 4942
4122 9856
5698 8524
5387 3371
3539 1999
8737 3671
5297 835
4730 5837
4795 6123
492 6443
381 6710
3579 4769
9202 3633
2142 9403
3834 5005
2227 4672
908 2482
9698 1962
7869 9604
6992 6087
7505 4389
1749 1583
1473 315
3504 3559
3982 5747
9497 6454
5333 1030
711 5158
2468 91
883 2477
7467 8814
2365 6940
7143 3360
7742 9672
9115 6862
4302 6823
6016 6246
7046 1197
1327 9639
9032 8312
1884 7032
94 6873
6277 1260
2913 7028
5066 8293
7483 6553
5440 967
622 4324
9169 7918
8806 8449
1239 8626
6061 1381
2633 6778
734 7929
5108 1791
7788 4408
3757 5171
6595 5723
1798 1537
2575 8627
9375 5910
4348 5991
3935 3872
3502 1038
3603 1734
8195 6111
5143 3769
8309 4295
243 2122
5363 4011
2167 8604
3539 4894
3114 5050
9761 6150
6191 8236
2155 2474
489 2006
6944 1966
3777 4946
5878 8963
853 1776
4891 1128
7443 7242
5454 6070
1687 2573
2703 7866
7569 6917
3956 7092
4490 8487
6798 6416
2856 9349
2476 8130
65 878
3342 9080
3197 3220
7148 2555
9582 4706
7095 1557
3860 9006
9200 1481
6364 8123
969 1968
9945 4114
8473 1520
6214 9762
9668 7138
9835 5109
4425 51
5246 981
4669 5979
7835 2735
2313 2237
2247 4118
4992 3342
290 5099
6852 8506
235 2925
361 2211
6408 6427
4889 2971
2102 9009
4009 6820
5342 4595
1724 5269
9737 2163
199 7504
2437 6377
1973 8866
5096 7764
2444 2011
1732 412
4080 4927
9212 3593
294 4076
406 633
6604 4973
2529 7134
4679 3550
2233 199
6460 6784
2729 2273
1187 5311
7456 2044
2329 8643
4328 8626
5301 6516
8899 9302
6622 8961
8534 906
1098 8163
1098 1283
9850 2557
3360 897
5748 8839
773 9321
8017 796
7207 7781
8105 8944
9687 3712
4107 2662
1007 5546
5858 2624
1606 4979
7508 3096
1697 9797
620 2959
1213 9010
923 3957
7018 9520
506 1016
330 8210
1379 3312
7178 4858
7873 298
8864 1435
1941 1827
6150 5364
5627 6760
4310 6729
3676 1324
455 7668
7620 6538
6422 4989
8951 4443
1416 9157
5920 6297
5983 3657
4362 3541
7675 6597
6627 1927
9363 7511
7758 5780
4565 3542
2567 2164
4410 1619
2124 8069
349 3310
5610 4858
2574 6476
4198 5256
1025 119
3710 3250
4684 5767
3151 2195
4754 8560
2487 429
4665 5852
9085 4591
7619 778
9392 2732
1179 4486
4382 7562
718 748
1783 9000
4620 5735
1456 9140
8574 7951
2044 1099
5259 9651
1224 1490
5494 2162
4485 5829
6730 8144
6284 910
2169 6391
9725 248
5761 9020
1417 4
3616 5396
8081 2396
2153 3879
6654 4806
2279 6820
8306 5884
6706 2037
4894 6842
5232 6819
6406 503
1085 9389
2546 7815
3326 2166
9174 543
2243 2221
3189 7099
427 2368
4593 6366
476 2563
246 5240
2451 590
792 1532
5433 197
1609 706
3095 6108
8480 1946
8971 5130
3895 2659
5531 9581
2563 5643
9353 6095
793 3751
8024 8168
8927 1813
8462 1219
6593 9392
2123 53
8086 9860
9721 3644
6114 4275
9236 4996
156 8
731 4224
1955 1529
8712 8743
8396 4386
7692 1500
927 4672
7071 1762
2372 3066
695 5360
4584 487
8118 5698
9684 5036
5257 9041
8751 4709
2062 3684
7331 2423
6886 8838
3950 6483
1052 4985
2698 3501
8036 7067
2046 2237
6487 4584
8198 1269
3630 6577
8705 7717
8285 4940
1530 812
5138 5292
7162 672
3774 6530
7883 2048
9828 1684
1632 3847
63 7805
6867 4835
3033 7509
9279 1399
1753 1154
3359 2686
8364 8702
1814 9010
5959 6588
9857 7132
7100 4614
2889 2332
7596 2056
606 1323
9356 6018
657 1454
5978 3626
5360 2590
5506 5312
5048 7542
3836 9526
9557 1469
3400 7184
4062 6565
6573 4680
3503 7987
3518 5302
4774 5824
5007 1246
1810 575
5446 3945
1209 7568
5589 5800
778 6084
151 9046
4610 7554
4729 8078
2178 4122
4651 2478
3968 8552
5511 4650
1597 5258
6945 6196
7256 8789
1279 6474
4257 5254
9947 5344
7376 3029
1175 4608
7703 2526
4609 5055
8821 2595
215 8722
3053 5036
2668 3888
118 1873
7484 1626
4180 5945
1804 3912
2071 372
9941 2582
1618 5926
2115 7871
2239 6340
4345 25
7169 8708
88 1298
1369 7024
4335 6456
1534 956
2644 8495
1159 7705
2692 7662
6042 4936
9928 1147
4859 8451
8313 1337
5085 5512
309 8031
8316 3047
6658 8955
2190 2078
9043 2439
6007 6707
4921 4282
2348 3746
7179 6690
2411 424
2361 1744
8425 9471
7789 6676
5787 6874
1971 8668
2298 4820
4138 2871
9888 7428
9003 9695
2232 9668
7498 3062
7621 1778
8060 3823
3281 390
3512 9409
5418 4213
1504 2552
6248 6374
9266 4284
625 3763
7513 4662
4576 7010
1242 2752
6836 9732
524 5772
5973 6397
1655 4456
5629 8342
3632 1936
260 224
1828 3668
5628 922
3396 7388
1950 3124
5647 3834
6277 5972
8102 7407
5225 361
508 3040
7407 1711
4156 2106
5775 9538
5120 9524
581 1239
9775 9636
8429 7703
3110 4260
4089 2205
7866 4326
3349 2322
93 8502
8637 9094
6848 847
6765 8274
7160 3489
9912 9388
5556 3314
1517 1483
6141 1714
327 6812
5646 9331
4916 5172
2359 2056
6377 2919
7469 4525
1316 8920
5940 6472
274 7457
1727 4159
930 6502
3831 3322
2729 1989
9707 938
3991 2512
375 2250
1082 143
1432 5893
3297 95
5374 8473
6436 9424
1315 9914
7635 222
8395 7545
1052 9661
7901 7910
3137 1451
3329 3380
5369 240
9850 6221
5973 2489
8118 1205
9126 5046
3875 6659
9133 9520
3668 5469
3811 6815
6772 5508
538 6955
2843 9296
3667 7506
9855 2365
786 6345
333 2278
4639 9142
248 1792
3919 9165
1537 3659
6338 9610
2439 4820
8894 5615
7857 1086
5340 4462
2234 4323
241 1129
6539 9846
6416 7063
336 4714
493 5066
9700 1944
2949 4127
3422 9981
1805 5414
8512 6306
4664 7891
381 8800
3805 3971
1500 8372
9000 4931
2650 3535
3408 942
6916 625
425 373
8645 1847
2555 3844
2621 7619
5538 435
8451 2811
4519 6458
492 5316
4415 9912
1981 1184
4307 1462
29 1989
64 5063
5694 7249
1455 6947
510 9147
9656 6516
1273 4812
2018 4032
8769 2317
3246 6505
7136 9234
6165 2642
173 1240
5967 5507
8078 1483
4518 3918
749 4379
9402 434
2830 3728
1174 9280
2336 700
899 7772
2338 1583
380 2102
4151 5137
6977 2282
3373 9595
64 2197
8283 2407
5296 2170
9465 8905
7776 8452
6676 8526
720 8124
2082 3701
2414 5964
5442 3882
9316 2389
5912 9834
5583 6878
7720 1252
3235 6447
1009 9469
1518 5709
6797 4919
5674 9974
3493 6819
9399 5599
9929 7956
3321 5644
1425 9286
3165 2913
6894 607
7361 1190
7092 1397
2021 5072
300 5312
1357 9182
453 5825
9512 6112
6795 962
4278 6655
4075 1056
1157 8249
7269 7815
9340 3084
8163 7837
3404 5621
7321 562
324 2665
302 7798
8837 5747
7354 9116
741 9407
3136 2557
5015 4231
3998 8800
2810 6989
7842 3304
1265 1640
8400 2719
8211 3730
7857 2562
2324 7473
7534 2284
7396 6804
2685 4727
1622 5857
4523 6704
4692 7548
1515 8795
2673 3242
4302 8936
1343 1719
2451 8788
7154 1669
2129 1666
501 9607
9859 7435
8331 1437
5747 2084
6761 640
2410 335
6882 1936
9318 8197
8275 9995
6301 9523
9120 6977
5474 6258
14 5862
2118 3051
1010 1048
4672 3130
2378 4242
9008 2290
6283 6673
4816 9586
7739 7172
6972 4167
1408 8409
9428 4258
4920 4645
1999 4955
202 6084
2690 5126
4557 403
2082 2405
3160 5913
2422 2734
1770 9901
3937 9423
7483 852
2238 7727
5250 2602
3820 8230
5672 7587
1644 1631
892 898
8601 2237
985 9098
1304 4285
3542 5059
7536 1787
1452 6448
3643 2807
7741 350
7069 5288
5218 3375
149 7217
4278 168
9729 5924
1058 8600
1239 9301
824 4122
8194 7136
7444 9676
3002 4718
1135 1057
1303 5827
1878 6260
4006 59
7723 8095
6317 8807
9226 2154
3628 386
2639 1847
9732 3114
2006 1230
1517 635
1107 3957
51 3421
3075 3826
5184 6257
1570 1124
624 1623
3486 1311
1056 8981
908 1606
6152 291
1226 4061
6859 9034
981 1119
7117 9822
8332 7614
9797 6777
2036 3242
5539 6251
7822 980
7123 9279
1910 1187
7602 2127
7932 2679
8048 1834
7624 9163
6535 2517
6618 16
1436 6576
8320 1896
8963 3002
1836 5008
6967 6648
3973 4626
1515 482
2541 1850
2730 1934
7586 9751
7062 8290
7161 3796
1807 9732
1032 6712
1218 9652
2786 1595
9124 6972
969 7898
3375 9302
1838 8556
6861 5247
2877 8422
8626 5131
8376 571
6095 8457
1328 7448
4851 2456
6795 3216
7637 4330
7122 7236
4976 8328
3562 2725
8030 4726
3606 8812
9480 2297
267 218
2412 886
2004 1979
3009 1676
4615 3633
407 6389
6999 254
3378 3897
8907 4610
4409 5060
4719 2454
3610 6569
9226 2455
1968 4887
976 3063
4663 6955
9337 5377
9503 2421
2978 4156
7359 223
5298 2642
9036 6588
2991 4577
539 4350
322 2305
3939 203
2712 55
3943 7632
4810 4953
6626 1350
3424 579
99 6244
7714 1770
3116 2021
255 7008
5397 3340
913 4327
2758 4917
8832 1096
5253 6942
6006 1910
8221 5814
1123 1999
1056 6164
9027 9507
5101 251
4124 24
7989 1757
7740 3949
3947 9629
3891 6862
6331 6058
8396 535
6989 6089
1346 6461
3001 7265
1217 7993
2812 1261
7274 6214
3820 3741
7035 4989
2361 6575
6318 1566
8789 2013
6513 2658
9029 1270
1238 6015
3160 2033
6668 5468
1783 2590
2957 1590
1982 9536
4889 1938
1755 6457
1316 4899
2132 1636
8747 6462
6317 8617
4381 8572
6746 7996
4807 8225
5570 9047
8016 1035
5445 1849
3863 8444
1839 5759
4457 604
2493 5970
9640 7480
5423 7393
4536 6223
6911 8048
7756 271
3986 2449
9984 1452
4364 4850
2616 561
5417 7304
2777 7226
5465 1323
9030 6672
4795 1937
1167 4662
2013 7407
69 1781
9907 605
5520 9859
7334 5338
6868 6185
9791 224
7633 2116
7941 4648
9147 5771
7827 2001
6906 3091
9293 7662
8738 6944
4628 3550
9541 894
7351 7152
2759 1583
4861 3173
2915 1445
3601 8328
877 6321
8333 1868
7431 141
2026 9158
5591 6776
6695 6875
1849 9712
4024 5002
3233 6708
1025 3565
6100 2394
6339 2668
744 5983
8421 5490
6505 893
2471 6004
5485 7922
6084 3392
7850 7679
4966 4306
4054 8845
558 6205
192 3063
7779 7176
1981 2996
7242 8262
197 2067
7832 1115
735 4733
5061 1259
6138 6853
3425 1509
3918 579
6923 4113
9122 7313
3359 2950
1391 7909
895 351
1813 8929
2470 2175
893 7959
7785 4466
4014 481
6175 3813
1428 4400
9426 1961
4494 6707
5270 452
311 9003
2138 8361
8151 1436
7597 409
8138 5015
5523 7450
9426 9062
5496 455
633 4406
7956 5080
8105 8012
5039 1779
3503 4978
3574 7923
9853 9345
2303 2600
783 8563
2122 9311
3601 105
3561 628
9583 8026
5201 4485
4109 6717
817 3864
8 1961
1539 8016
317 8235
817 188
1320 3273
4201 4481
559 6853
9844 7417
672 1443
211 683
5272 414
6459 2781
1926 999
2563 6216
7008 3888
7883 3947
8116 8136
1423 35
6865 6232
3692 6681
8455 6750
2643 8587
7788 1127
7004 8528
1761 7715
7148 9510
3029 8195
4218 207
6120 9270
7646 7948
4866 1301
9931 9175
2196 5563
5135 8439
4031 8585
409 288
7701 5225
2106 9434
3853 4497
1151 9252
5050 2570
2782 599
2334 786
1326 399
6795 7135
5132 1064
4490 8421
1228 7717
7008 1993
3149 1079
926 615
7663 2507
8296 3633
4281 2293
5592 3561
678 7069
755 6322
9904 7607
8716 8721
7761 551
568 169
9877 4724
8290 8984
4292 9132
8224 300
5038 1880
5030 6378
4247 6226
1465 9264
4422 8516
982 9193
7769 9155
2772 1633
7643 9196
3304 9578
2825 318
504 142
8609 4168
4273 2693
971 2676
732 8474
556 9780
3887 8665
4441 6796
4881 7292
730 7232
2528 9927
2863 9615
2518 9056
839 112
2824 6899
8542 5212
1649 5636
2694 7949
7743 758
3066 69
4173 1324
1327 2562
5105 4542
780 3729
5430 8014
508 8112
1100 4108
193 2248
2319 1495
6203 8411
4070 2964
3497 8746
9964 356
6447 9626
2372 353
8937 4424
1865 9849
6383 5787
7428 4271
5129 6233
9218 1310
6773 6908
5940 6047
9478 9478
3720 4205
7855 2691
9432 1559
1761 5823
6162 1430
514 4376
7432 159
7967 8548
809 4635
7698 3862
4128 2389
9303 4909
3259 4948
1644 9917
815 1562
6999 1730
249 3100
1789 2098
1368 7971
1199 8275
7402 7265
1255 2381
9492 5896
565 6641
1062 8616
819 3435
2381 2168
4447 8355
7627 4583
1882 6746
5092 2435
4524 8051
1883 6442
4170 1856
7933 3455
6235 7631
59 2463
1368 9908
718 948
2626 8136
2518 2618
7000 2770
3892 5616
9960 8262
5000 5457
4422 7547
9277 4723
3148 9954
7812 4848
8577 7731
2783 772
1244 2346
9727 1206
9258 994
6111 5739
2143 6624
8131 9814
6602 5140
8731 6244
6267 7083
8348 696
3609 8553
5633 450
6687 3109
910 6822
4920 3269
2405 1418
7163 7804
8445 31
2440 1297
1808 9428
7059 2625
4531 1271
2928 2664
4267 6302
4816 5900
1550 8549
2891 1003
328 5912
2751 2886
1567 452
1591 3629
585 8393
8719 6317
4701 3362
3063 3176
2935 9912
1879 3588
2032 404
1154 2470
1773 4004
8078 2720
3238 6848
8659 2217
4058 7837
2737 8812
1089 7249
6087 6212
2242 664
6129 4358
8967 3511
8994 8911
1294 3823
2131 1120
8464 8516
1098 7767
7047 7375
9550 784
5724 4080
9177 5595
8655 5528
768 2880
9995 2774
3312 4496
2360 4241
6169 862
931 9605
1663 255
5979 9297
1598 2061
9805 3728
2750 5074
1491 2103
983 1955
536 8319
7351 2314
479 5954
3057 5705
789 8780
41 812
1523 5562
1102 6158
9497 4198
5446 2271
8920 438
5088 4644
2318 353
5206 4223
2103 8147
690 561
1186 8291
9026 1325
2562 3123
8543 5903
2422 8296
5994 6957
380 8108
6984 5805
1713 6656
9360 1639
411 1157
1202 4028
7643 3980
507 55
8717 2508
2470 2322
2098 2309
6389 5965
6928 2547
2720 7947
3064 3317
2765 6349
2409 1326
8128 6755
451 4236
2597 7279
5278 263
9564 2301
7708 6396
2564 6257
1228 7083
3916 5423
5216 6573
4566 1808
9506 7402
3804 1539
98 9882
9351 179
2227 3402
5406 2888
8423 2082
684 4192
2248 1908
5286 4015
2585 1735
5467 7061
5132 9110
876 7743
3397 9635
557 512
750 6207
9341 546
1820 1918
9395 5719
6211 9558
7945 5013
1398 4921
2094 7922
4577 2372
38 2347
2634 951
5173 7243
1525 3493
8525 3019
1479 5166
4307 1509
7789 5148
5128 8525
6815 1242
1175 786
4639 2684
362 6401
8822 2603
9938 91
6657 6047
3751 8472
3591 8418
2284 7660
4335 2178
9223 5753
3519 4727
2096 3077
3976 7447
5223 3198
4577 9254
3147 971
7856 5474
6601 1716
3824 5630
4737 7333
176 2220
143 9423
8712 865
344 6943
322 308
7427 9075
2790 6695
3147 1274
2101 2297
242 9212
3819 5242
5640 714
3503 3825
6092 8087
4285 4091
8883 7895
5190 9989
1191 7463
7702 139
9233 7037
3542 2834
3081 5809
3474 5635
8557 5468
9486 393
3521 8143
2469 846
9158 2232
3123 672
2062 1265
4531 426
4943 5033
9051 1648
2662 9016
6711 442
4541 3197
1955 2373
2688 5705
45 166
6829 8337
6282 8401
7723 4032
440 8361
3308 3820
2787 2153
5989 2234
5340 7730
7357 8084
247 998
3044 7434
1108 1092
8199 1223
817 8581
5473 2677
5118 6791
1108 3107
1008 7255
3768 5078
8554 6900
3411 1550
9705 3138
3146 8907
6703 8685
742 4159
1794 6110
155 5766
2710 6531
7845 5763
984 9849
7220 5868
3292 2669
7481 3546
2250 3860
8065 873
2388 6232
1122 4807
5612 5540
7060 587
596 3857
1586 6451
7845 5490
5600 8451
851 9084
224 938
3377 3307
1968 5815
1153 1777
8373 2268
1423 2160
6350 9010
1199 2938
8274 9054
3380 4471
7820 6274
5442 1703
6552 1462
2614 4680
942 2393
245 666
6719 5251
7282 4817
317 7213
8964 5979
3616 6899
8311 3763
2614 2936
8994 9797
1338 4763
8713 9315
5465 7433
3347 4727
4177 706
5919 5194
4299 4193
3122 3844
4426 2214
2052 1748
2820 9990
6205 2259
8753 1142
2762 2853
3570 4099
3460 6400
9731 1254
4611 2655
4900 6918
3934 8857
3172 79
4870 2814
7583 9073
8164 8001
4011 1420
9872 2972
4893 2699
1572 2721
129 6478
4688 1277
793 2572
1503 4690
6437 1160
2442 1349
8212 4516
4971 5140
1354 2179
485 9292
963 4724
498 410
1848 236
1293 561
1903 9122
5745 1820
2567 3233
2369 692
8580 890
6474 36
151 9352
9174 3755
9586 9704
1746 4209
2251 6760
5538 5118
5631 5759
4468 1768
3417 4878
4162 3627
3011 7206
316 9133
2764 9513
9685 5954
2250 2981
6477 7390
4210 2319
9071 4202
8694 8892
459 4585
2958 3046
6711 5050
1034 3724
6402 1280
4375 6571
1929 7249
1168 6284
1629 2124
2055 6734
2276 3423
916 774
528 6824
1053 4323
1997 8522
6231 5415
4830 9906
1820 4643
5211 7050
413 9858
3540 4349
7785 2618
3641 5244
7583 3694
2476 7841
3649 9623
5223 963
9178 2051
2395 761
6065 2942
3416 1282
3918 9537
6724 3396
7980 7401
3382 3348
799 6794
7874 1493
3049 867
1178 164
7256 5395
2098 1220
9233 684
5364 2405
963 4295
9526 9515
9269 1832
1625 5788
4498 5683
5523 1705
9063 3247
863 4913
7481 6859
7844 50
812 8014
6483 1601
674 7043
8949 5084
4064 1269
5141 5855
2920 7447
8585 5748
5330 9656
7750 9614
7276 740
1524 8295
6260 7422
5664 4216
1235 2077
1106 8010
2524 228
9870 2347
2117 3991
6238 9075
3574 7739
5360 5383
8256 5613
8220 2781
3552 1158
5753 3537
1507 8525
7008 4519
9244 5709
3088 9699
2164 1400
4532 5718
2577 5292
8946 3929
2426 5750
5318 3487
602 5301
4127 6566
8436 7056
759 750
3414 4394
2424 5373
5776 7012
3469 9618
6790 4436
9575 1304
5860 5173
8674 1405
5539 4303
2455 2148
2393 8760
2291 969
5397 9707
5144 3715
8715 2504
3282 446
6268 7964
157 6137
6923 8339
8853 9645
2315 6011
8862 7712
4477 6203
8837 2889
2312 596
3670 1541
2137 6390
9711 2056
7310 1718
485 2648
9838 6846
3782 9479
3644 1013
4175 8351
5579 2641
3086 4083
6643 3387
283 1875
5652 6994
4003 8640
9515 1891
9765 2609
35 4471
2113 6870
8638 6477
6748 5147
9108 9129
2233 1647
6171 5997
2533 3269
5096 3143
9778 9226
773 2827
8775 7177
8052 1443
2373 3948
98 916
2445 7363
8255 227
4944 3417
3549 1368
1671 7269
2086 3633
597 4799
7428 1450
3353 9188
923 3836
4520 2028
4810 8372
9338 9577
4130 373
4132 7522
9957 3712
9014 9314
1684 579
1174 2059
6386 9855
285 1038
5356 6031
1744 7439
2861 3686
8658 2068
1228 4568
9352 1791
1801 140
9805 9933
137 7072
3142 7661
9630 6862
2377 709
7306 9374
4682 1041
597 5947
3222 9982
6525 8922
532 3191
5326 9560
2232 445
7971 3188
5530 172
3899 8797
6374 1675
2271 8989
8021 7780
4290 3030
8268 5301
2058 7388
4100 3734
9807 2499
2250 9133
4226 1834
6567 5262
5088 4777
6227 7750
4134 3399
758 9482
6199 1087
2543 1436
1596 499
5528 3646
3756 5425
5257 42
4972 9557
8972 3089
5048 4608
8129 9490
8114 9528
4835 4749
4282 48
8395 2761
3728 4137
7492 8851
134 8760
174 4584
6361 2906
2711 4452
8017 7798
4742 1692
5031 3282
3594 2713
1991 3449
5523 790
1638 2619
607 637
5222 4933
3784 1916
1783 1266
6332 829
2848 2418
3965 758
9678 7211
4761 3439
8940 9981
3725 4674
7780 122
8710 3032
949 9046
9160 9809
966 4187
67 8723
2089 6768
8578 5928
1587 2043
8166 7553
3356 3204
1443 5568
4610 8573
1624 7268
5795 9583
2037 3222
2554 1334
4280 660
6873 895
9369 3755
1593 7009
4151 8234
9246 3434
6257 9781
2990 6187
2026 3511
8082 39
7431 3356
8014 1848
2459 9422
5262 7523
9573 302
4178 2332
6712 3493
4892 109
3772 9644
7271 5251
4707 5209
2922 1658
5902 6122
1325 7579
1696 1079
2556 690
659 5507
3305 3284
106 4035
5894 8033
1831 9315
1268 8231
1631 8389
4774 8343
3898 2155
2777 2780
8335 6343
9528 3176
2191 177
2955 9793
7408 521
8015 701
7150 3837
6620 7130
6621 365
9187 8657
9906 3469
695 8300
3875 3483
926 7797
5804 5777
1143 5921
8083 685
7342 8573
9870 368
797 3335
5843 1684
7574 8929
5760 4434
7887 6257
6044 4482
2972 7484
4958 1939
5891 8741
7501 3102
2396 3984
1144 8198
1960 9628
6215 2403
2052 3440
6513 6624
6030 2869
8431 2305
8983 7541
3713 4889
3593 466
1632 5883
8026 3145
6515 2639
3010 985
3014 5623
8409 2959
4408 4146
309 1316
8675 785
9523 2217
8066 4841
5316 5521
4750 9704
4634 9249
5529 8763
178 4787
4783 3647
2532 353
1401 7751
7529 2320
132 2846
61 4090
8450 8781
2293 2561
6160 4703
1955 7121
535 5187
1879 9813
1894 1857
9864 7309
4096 8353
8947 110
9954 4744
3779 1595
2040 9892
419 2499
5025 6155
5856 58
3424 4303
577 1868
5812 6452
7259 3679
2762 6565
2736 3961
3409 9092
6345 1058
2366 224
5620 2555
9746 1260
9231 5439
6457 1486
3669 969
8611 2053
1704 6854
7849 8879
6081 2972
1224 7913
5220 731
6418 3848
4855 5875
9286 4088
1460 3143
1660 9683
3548 5169
8741 4869
991 997
5506 5389
5834 4106
2724 4934
8160 5478
7540 9414
5212 5465
5205 3319
261 7662
8774 8948
67 4861
8732 182
8929 1220
7824 8001
3268 2392
741 5128
1339 694
108 4264
8184 6910
1179 1540
7646 5779
9451 9852
938 4172
9777 323
4215 9935
2704 4209
157 2686
7405 295
5418 4562
611 721
4644 3896
3224 9488
1661 4729
9552 3977
1319 2382
7008 3736
8298 916
5061 1801
21 5308
8950 7864
3553 8022
1143 1783
6236 8047
5712 2464
2229 4680
4302 6588
8563 7977
1192 2212
3514 2150
420 9126
5792 7681
9691 8506
4589 9057
9754 9444
1938 7553
4875 3837
4924 1243
7091 1486
9369 3799
2205 9852
5306 1934
1543 4154
8633 8164
7787 987
3101 2550
434 8584
7019 1360
7924 5185
1167 7218
3442 4631
2732 3748
2759 185
4080 9463
4684 8477
2715 2494
5724 3506
8002 7229
584 2403
7791 2145
907 3086
4027 528
7376 7190
367 4434
9619 8231
87 2960
4405 9016
6697 3660
420 2277
9716 3089
8122 45
7691 8076
6021 4057
2772 4780
4199 4591
9997 8998
7663 902
1775 9532
6328 8522
4997 4847
9136 2754
8046 7154
3755 7456
1921 6753
5961 9529
2401 3074
1670 8822
8433 2490
2064 26
553 6579
9070 2709
1930 3037
6079 1944
4767 9091
6273 3194
6628 7471
2819 683
3611 5681
2669 6311
7517 3883
1166 7549
7342 9217
7958 5104
1172 6303
2037 7821
8617 3467
9172 7486
9599 5501
4467 1615
531 972
722 2256
933 4107
692 1834
8295 6035
7921 3445
853 3907
7035 5992
9924 3558
2451 6226
397 9780
3341 7898
1643 4059
1313 8386
7267 9023
6515 2130
4004 3023
4325 1026
5680 3482
7531 1142
2714 3490
1888 5457
320 1536
3784 7940
7402 2521
7909 5494
3315 112
9822 6904
4488 283
668 1913
7455 5930
6199 9128
298 1941
9025 6328
1356 1253
9025 5897
7659 3862
7011 4916
5334 1179
8077 6055
7209 4771
997 482
6463 1419
7313 8305
1111 4612
9711 2235
9242 1014
8407 7834
6396 6660
5134 956
7777 2770
2844 4041
1331 9045
1328 1430
9105 2475
5794 890
8649 5051
2905 1967
7400 7517
8095 6219
8417 5596
2049 3327
4429 4923
7243 8592
6691 4967
260 9204
4713 4779
8646 3103
3801 1481
5713 5039
326 3688
2031 2581
1201 1417
3195 2229
1943 6383
894 4351
5182 9565
3051 2367
6912 6306
6028 6866
214 2419
379 1338
1257 6488
9765 5731
2549 4154
3868 5591
9792 2778
1101 1919
3449 9702
4258 588
4164 2920
3656 4293
7589 6159
7523 3569
538 7970
64 6007
6174 658
4299 7428
4764 1263
5987 6925
2465 6126
5099 3366
2709 7402
994 2050
9691 1817
5781 6795
4694 1728
9075 9988
6462 1097
6498 1582
8484 6883
1104 8952
115 9099
3660 5211
3607 4938
4614 5108
307 4239
1541 5683
9149 3839
7223 8468
556 218
1358 2107
2421 1567
5225 3270
34 7875
448 862
6645 6942
4581 3758
6060 6006
2935 9462
9957 1969
1096 2754
5779 8644
2625 5831
4673 9137
3445 4558
6855 3441
1876 2053
4491 3662
3233 1089
1177 3301
8837 3528
246 7274
7909 1903
1601 1884
2194 927
1468 2042
8400 2989
4922 2806
8921 5834
5865 6201
8066 6056
9569 7799
8287 8126
7373 629
2371 7214
170 4728
5034 1509
9998 2863
490 3379
2812 1620
8806 4620
6820 9007
406 4062
2256 6268
3828 9220
7564 7630
8712 9354
6021 147
2678 561
7494 7546
3894 8837
1934 8355
2469 2702
406 3926
5402 9908
2098 2342
1276 8758
4023 871
210 6573
3100 814
810 1020
3939 8488
3918 4891
6473 6190
7203 3861
7836 8119
1044 2734
6029 2622
4640 3737
1462 4838
4943 7256
9278 7259
938 5829
3802 5339
5660 6241
1254 9845
6163 2236
9109 5232
9739 6532
5829 6639
6846 5729
5175 1283
5204 6336
2190 7586
6177 2750
5253 6903
624 9081
4341 2890
3658 9825
7911 9810
8284 3908
2392 1767
4551 2602
9291 4013
5913 7726
6403 8286
9421 910
4544 2903
8046 3893
2025 1078
6242 9383
3820 1122
3173 1389
1922 6299
9203 7938
4662 5844
8826 5532
6823 3838
702 8895
652 7911
1391 2574
2376 1235
5577 7348
6463 3001
2155 307
4551 8706
5130 6475
2994 2653
9766 8076
8523 5095
4636 1631
623 4697
4478 2194
2270 3858
2177 1091
8689 6934
4341 4767
5343 3367
7098 4491
3547 8532
2097 67
6192 7695
432 1137
2400 3587
9563 8160
8056 197
2623 1105
616 9018
4416 4558
8323 4634
2134 7901
7154 8019
2147 344
4301 1409
7528 6059
8364 3373
8889 1085
5243 276
8110 1986
2685 8473
2636 3008
7378 1373
1427 8064
492 3918
4264 6712
7518 3358
3798 2311
8054 2261
3105 1536
5661 7098
1548 8971
44 3870
2763 2552
2945 1993
4187 3606
2754 3257
6577 9107
6913 7864
6608 180
2657 4205
8863 2327
4264 6694
8762 8807
9958 8757
5799 9088
7701 1016
3900 1652
1505 7758
3168 2622
9641 4470
7519 2084
9766 3578
2658 8066
5564 3292
4862 6629
7776 3312
9499 7428
7609 5691
8680 2310
4153 9690
9725 2704
3341 5989
4930 6798
1155 9701
8766 6261
3084 9876
5330 2246
210 9237
1367 3845
8572 3524
181 8090
2000 7134
9446 5928
6776 868
8042 2012
4024 2476
3596 6136
1214 1993
7812 305
5659 6828
9135 790
1201 8154
4908 7650
3294 2496
2408 1060
4120 3269
2157 1212
809 1263
8422 9624
2862 9897
6934 4145
2906 1459
8106 6560
3520 5706
1324 2341
3776 7658
4137 6953
1025 5329
6373 3361
4785 2549
1934 1142
9497 553
3214 4147
7941 2684
2597 9903
4370 7155
8278 2604
3464 5144
4864 735
8170 5426
8768 1809
4219 3175
4550 2309
9764 736
2677 5947
8708 7212
5311 8948
2167 5639
1376 6551
2618 844
121 3268
4445 8633
7825 1095
3849 4498
5767 542
2181 9992
122 815
5028 5756
364 9540
2033 4255
2373 7944
110 9531
7124 6151
9769 3175
7499 4048
624 9351
5596 1342
9174 867
4158 3752
3239 1881
8085 2982
9976 1557
7121 4037
6962 3008
789 1980
4321 9078
9611 3392
5064 2252
8406 5077
3511 50
2504 6534
6000 5974
2837 3638
8214 3705
1463 1752
7367 9350
6612 172
8924 7280
2637 6588
7342 1163
1480 2550
3291 3406
3072 5066
665 3975
4939 4870
3083 4767
2909 9872
9346 3712
4876 2020
6933 4772
9523 2239
4691 3120
2586 2123
9960 5937
2374 2315
1743 6149
5613 9290
7480 2590
8109 7247
7802 1298
653 868
7274 838
836 1431
6749 4189
1193 7936
5338 7771
2650 6628
2995 4639
929 5658
2501 4081
6564 2108
2302 6359
1740 8128
2831 5918
1832 183
2851 4983
6995 2453
5055 5088
8467 4547
2553 4261
7716 9026
5310 6951
3524 6769
2782 6748
1312 8256
2299 8806
2111 53
1107 8808
3165 7343
2697 2599
9723 8394
8747 2718
1861 9667
4495 420
6356 9596
431 2177
5125 6977
8904 9871
5961 4316
3885 6446
9854 9750
5281 3290
7679 1743
2341 5745
2408 7568
5070 1312
92 2367
1147 3581
4058 2132
6613 4746
9581 153
6775 5880
7780 4134
49 4635
2769 4126
1624 3197
1893 7860
4784 8485
3068 1506
8444 3577
1205 92
2581 6817
6853 6864
570 1886
2684 2896
7063 7595
7128 1300
7305 243
2025 2425
80 2659
661 2559
2342 625
3676 9890
6015 4190
910 710
4577 104
4972 3017
8039 7187
3981 2611
1952 8872
4978 1825
3373 734
2508 2387
7692 4297
7884 7202
510 8672
9179 7478
6175 4819
4507 1031
1591 2445
3902 5619
7996 1126
1109 7871
6123 3804
8284 9073
2327 4404
5700 6670
3248 7547
369 431
5704 9538
4597 7865
4722 7945
5164 5485
8748 3258
6298 4365
4303 9674
7570 7840
1444 3836
9001 5768
6154 5831
4938 7218
6981 9112
522 302
9032 6427
2655 7792
4598 1622
6157 7237
741 9062
1057 1914
5013 351
1249 9786
6048 1774
5811 9414
5922 9585
6174 170
395 8505
9183 6750
2226 6719
7100 5178
7708 1845
6910 1725
8654 366
234 7728
3999 1152
432 8070
2641 2969
5240 7847
8898 9024
9818 3885
1758 9421
7677 5199
215 380
9091 1644
2631 6174
9539 4410
3669 8817
6278 2064
407 817
8181 6864
7335 3886
8627 5065
8633 2144
3368 1452
9564 3944
1917 6301
9230 6857
2239 4557
7157 5015
8334 9078
9324 3359
3925 6230
8714 2903
3967 1839
1722 9415
8871 7294
8230 5784
2112 4443
9940 3068
4407 1392
9398 5135
8966 446
717 4028
571 2604
1870 4819
648 498
6152 1081
27 8453
3748 8512
6017 51
7182 9529
4855 2321
1571 375
7425 2019
2843 630
4654 5277
2697 4508
8956 6071
1313 8302
2600 518
3482 2742
8137 3321
6292 3540
2366 6784
8155 2291
9604 2740
5164 4222
5132 6531
6887 34
6701 9579
4646 2181
4086 6905
7325 7287
9942 9970
2675 5672
9168 129
1920 5050
201 6466
1175 169
6372 2048
2118 2504
3664 4682
5067 718
3456 3466
5577 2145
4907 3177
908 3697
6357 1357
9626 6473
46 2133
1946 7361
5866 5623
8361 8551
7376 359
7722 7327
2231 7419
4301 5192
8270 3852
84 8705
7258 3488
4754 2941
7077 7606
5445 3619
2645 2673
2278 8376
1291 6825
63 8753
7501 6302
4780 596
7495 1390
9412 9998
3805 1193
2474 6938
9092 2499
6127 9264
3186 4843
7866 6429
9378 3625
8635 4546
7804 8941
908 5391
4693 4277
1753 6625
5331 6591
1634 1849
1220 224
3518 5631
6944 2324
1810 407
6331 7144
1203 3171
7103 5363
1304 7161
2506 3500
9107 8774
5908 6136
242 7683
5172 8995
7233 5751
4291 6033
8482 1822
353 725
32 4137
6710 6578
7664 6037
1324 4737
6040 896
1323 770
565 1305
8293 997
3752 2760
4708 5355
720 8734
480 5913
510 2302
9605 9294
2293 9500
1220 6565
5505 4052
9081 4845
1721 350
2702 9270
5160 1537
7373 7438
4088 4502
3099 1390
6016 5423
2244 5583
6352 5335
5665 2544
6617 6603
1873 620
4675 5482
5751 9080
7513 6377
320 8667
1384 409
3000 7937
1336 4957
8766 5793
2186 4007
9956 381
7603 7075
9163 2617
6855 7590
4143 6832
8842 1448
6447 2148
7411 912
4241 6645
9122 3502
2067 9172
3155 6591
3748 4968
3907 6876
2692 6913
9810 4853
889 6251
1242 492
9171 2916
6591 6148
2163 8225
7032 6556
664 6670
6925 4710
7049 6374
2721 5822
6250 2610
3714 2583
3145 7796
7695 2711
8328 6999
2089 8150
9056 4943
7917 9843
6883 8055
9024 9432
1571 443
9292 3039
2 3794
8747 7413
4601 4113
6193 6814
5709 5884
4382 7081
3918 8125
1316 7573
1298 4602
8791 20
450 2211
2403 1759
6131 1961
562 7483
1512 7637
9213 7242
2998 1016
4114 1796
8456 4446
5672 728
5268 9945
3887 7630
7165 3627
4411 3503
3675 6164
4323 8199
6664 4237
3268 4265
7195 915
2252 5347
6731 3769
9716 6900
796 5415
6141 6716
4702 6231
6622 7667
3431 9170
2828 5085
1277 6246
7644 6699
9513 4939
7733 5429
9352 4246
4570 616
5108 1853
9782 1386
338 5997
9208 9446
4829 264
2577 4340
563 4291
9996 2967
6222 287
1982 846
8550 3893
7166 3059
2085 376
5478 7768
236 1430
1386 2692
8580 1295
3481 7272
2743 2985
2658 9238
207 115
5817 7380
3327 9417
5002 6125
7810 2376
3996 1321
5808 3218
8458 8175
1112 8739
1422 7352
2170 6485
5359 7605
5540 3649
3853 755
2720 2135
4986 4798
8492 5712
8427 1860
3114 2210
175 3564
9881 9636
1695 7303
5476 5139
2487 9029
9993 1412
6836 1323
5308 8842
3615 3860
365 8442
505 1829
6343 5118
5975 7109
3227 4615
7616 7117
5644 934
6771 8637
2268 6924
2543 1823
5576 6545
4014 2303
2415 7666
2097 1211
937 3902
7074 9656
2181 4788
8758 2102
819 9573
8129 1316
4403 2271
5231 262
6702 3661
9840 1622
5092 5913
5875 9530
4197 5827
6054 1605
7444 1895
525 5247
2104 6874
4913 7353
1029 2453
267 956
652 9109
4977 2258
3998 9249
528 4488
7670 1662
8220 2497
6615 6161
3971 4542
5027 115
5416 237
1663 5305
7311 3280
5763 628
2868 9008
1702 789
9633 1089
5945 1606
1071 6167
435 8470
7405 3529
5533 483
6239 5398
9855 5116
985 5365
7355 2503
9932 5665
5335 5297
2287 1237
6161 7844
9394 6372
9903 9806
3327 5740
2404 6448
7523 1740
3050 739
4395 4435
4572 1634
4786 4155
4274 7044
5706 5511
7763 5896
153 5048
710 3319
998 4518
5914 4404
9508 5357
8855 9095
2462 4230
3028 1754
8163 1832
4235 6451
213 4798
201 900
3004 9530
8554 9631
7105 4570
1205 3630
1495 9707
3715 7010
9788 140
4934 7690
9249 8804
2696 3367
1094 6421
1953 8845
618 8995
1758 9421
8209 8288
7902 7265
8295 6442
7822 7383
6019 2680
8231 3313
2096 7889
5030 5292
3480 8429
1501 3824
2914 3712
7545 5223
9614 9956
612 6082
1838 2709
907 7512
839 3587
3218 1216
4616 9508
9190 5458
699 521
3923 8521
8345 306
9015 3275
6003 1955
9495 3196
8590 5081
1506 9615
1359 8552
6035 7791
3191 9383
650 9245
9040 991
7292 283
4185 271
682 4136
4031 4851
7264 7101
3197 1830
9247 2888
1460 438
4557 9398
2622 999
827 3847
7072 9243
855 2572
911 2352
6403 1028
84 3034
9638 2424
7474 7203
610 515
9079 208
1765 2870
626 1494
8516 6715
5828 301
1765 296
2378 7555
9276 8646
6602 2372
536 2227
9483 6345
5566 6085
8650 1102
4295 9872
1515 5705
2662 5114
780 4439
2076 1148
96 793
8831 6923
5259 9584
5192 2489
1785 4996
7069 8790
7204 523
7839 5594
8886 6856
7524 8295
6827 9890
9207 827
8826 871
814 804
4246 1473
7372 3223
4864 2615
5880 6338
7776 4103
2815 8544
4724 4963
870 9709
9079 3433
9426 1947
2885 2471
2571 3892
4110 9103
4078 529
2954 1959
9954 42
924 3013
733 191
4746 9545
2872 4598
8811 8523
2672 8070
4402 7094
9327 9188
8763 3077
3722 7596
9043 7006
2988 1458
4636 4524
9748 7417
6769 2385
4186 8708
743 6843
9767 811
2277 6630
3925 2000
1206 2515
101 3875
7820 9656
2000 2899
5735 4743
3056 7590
406 1203
272 3002
7181 785
2657 8668
3095 3564
9598 6730
2734 8523
450 884
3786 7542
2377 1192
2438 1831
7108 271
1929 7838
8737 8865
4115 7032
7051 2944
9350 7200
2365 1812
5160 1990
1005 5730
1318 2768
5959 227
570 6926
8822 2178
6624 1186
778 2710
7398 10000
4695 3073
3010 2066
4763 7464
9896 1855
930 8948
8204 2365
6429 136
2165 1092
2432 1555
4611 9733
7787 2136
8099 4235
2060 7965
1936 2321
6434 6674
5612 6629
4997 4066
8367 1387
2820 6958
6478 4436
5519 6856
8624 5456
8839 1501
9197 7122
6338 9527
8873 1124
515 3282
1040 5947
9098 253
3585 9243
2024 1091
8480 4638
5750 2075
791 81
2102 732
204 5008
6169 9429
521 2163
5186 5628
3592 4120
7724 70
6557 532
4328 6839
5289 868
9 5321
300 569
516 6322
3115 7491
4753 6353
6866 8285
5479 7290
3755 5418
4904 931
7600 3405
4744 1821
8397 2207
7188 2343
1146 5709
3088 1103
8616 48
7698 9883
5225 2914
8557 615
2964 6429
9872 431
6969 4134
3345 4720
9987 2522
5508 8826
6284 5959
4304 8968
5765 2046
8163 4243
4374 9640
2645 2260
8962 1687
7899 457
6367 7054
9245 7338
1653 4307
7338 9340
9732 9924
9770 1765
9163 9256
133 385
2326 9064
8802 9381
792 382
6914 5170
1769 1164
8062 1612
6146 6223
6414 3996
1687 693
427 2210
211 8990
8983 1311
2042 9344
2508 6754
3419 9101
6531 3314
6965 1656
5158 7723
445 8965
2535 492
7116 4353
8083 4513
7389 178
7409 7260
1240 1232
8095 537
4312 8885
1167 4385
7348 4080
1294 8672
5068 1616
2518 9587
8002 9599
5044 1012
6332 8397
2492 7081
759 207
667 8041
4558 5080
7886 4672
7803 7462
8529 3813
1500 4016
1387 9802
4586 1679
616 6085
8294 8602
1510 7149
8725 7382
1044 8614
7470 7053
8776 3312
2993 6655
8528 7788
2459 6839
4907 466
5175 7872
8922 351
2263 6647
9969 4770
9251 4914
5874 5449
224 6241
6987 984
8981 7492
2190 3322
283 6622
1747 3530
6211 248
5289 5540
2236 6377
1138 4840
949 3413
8448 3583
8960 5123
7306 3537
2327 723
1684 2806
1555 5727
798 9275
1339 3810
7803 4744
3066 4871
132 6351
1060 1075
6558 9896
2442 2389
2074 6731
6508 6429
9964 4829
8591 1099
6622 6318
1359 5737
4646 7618
4231 1564
2085 1712
7694 9911
2577 375
4292 7344
7189 6359
909 9543
7159 111
7341 7956
6043 6579
5957 6192
8310 7760
8333 9543
2278 4835
6611 5213
5040 6166
3763 1567
1129 3949
5431 3531
8729 65
7072 2898
4541 9642
1222 1292
8364 562
4764 5629
9741 791
2728 1671
7543 1169
2 3200
392 9542
7674 5173
5130 2618
8607 6864
2739 1451
5725 2102
9388 1548
1927 931
6644 1023
5718 4426
662 9673
5488 9576
4392 2817
5740 8761
933 8969
4517 893
3758 9632
2397 4732
3628 6262
6324 3591
2857 114
8009 2753
2432 7681
1248 9694
786 4064
837 2906
3755 4828
4928 1741
2356 6535
4938 286
5434 7422
1279 9222
4158 5800
6883 3767
1231 1506
186 9500
7493 7337
8275 1235
2191 904
4836 6904
7087 6595
5116 8691
1028 226
373 4613
8825 5634
6825 5999
9980 680
6023 868
50 4712
1029 8016
2313 2341
2568 120
5486 2026
5234 1300
2207 1544
9899 7435
1268 2417
2579 9597
3386 2420
4823 6759
6287 1466
3394 2579
9957 785
1894 1822
4417 70
5755 5678
3235 649
487 4291
1275 1819
6926 2556
9706 7819
1052 8398
1879 1297
5505 1441
2643 1387
7613 60
5599 7959
7660 866
2732 1055
2211 3084
8611 8779
236 1881
4038 1732
3902 8627
9366 5861
4113 2612
3895 4759
4784 217
4769 2813
2735 8662
2601 3917
5487 1402
3215 9472
6432 9701
9352 6539
2167 39
4047 9247
209 8682
2280 9406
1878 1362
2630 2032
6880 468
8734 821
7758 9397
2458 6971
1365 932
3506 4690
5366 3755
120 4638
7542 1010
5619 6333
4362 7541
511 8618
1361 5064
3667 913
886 199
1235 1412
8038 2050
3559 1277
8511 217
6459 8053
9514 6548
2056 740
8810 8935
3971 8058
4309 4724
8244 4653
8803 9297
2314 5540
4244 6939
8654 4148
7575 7227
6485 7656
9721 216
5225 4823
218 5805
2186 6305
6326 9037
2465 2521
2018 996
1414 5833
6614 9392
5923 6371
4602 2320
4904 7396
9364 9916
1376 8286
7697 2309
6980 2086
4017 285
7038 6970
1768 1530
5121 6247
1970 3319
4327 9003
5831 7308
3003 5574
5360 8800
9336 3174
6585 1404
9329 3075
3783 993
3491 5928
2715 317
4152 3060
7879 1738
1517 8352
8385 4375
807 1137
7638 4011
7521 880
8497 6855
2121 3624
6940 891
75 175
8677 4652
8398 7433
5589 2405
4798 4794
7662 507
569 4907
8211 2677
7631 255
2700 9100
3155 197
5545 5424
2839 128
5671 8091
6679 5062
7073 5002
4484 9302
4985 3480
1589 9598
8359 2237
9849 2188
513 7144
560 3459
5708 4745
3562 6320
4753 1010
6143 9693
8932 494
3057 4917
7649 1090
5727 6473
4200 8467
5356 371
1483 5385
2911 1898
4997 2115
6876 3301
9421 7803
2355 6051
2090 2667
3943 9770
1994 1488
2114 3551
2062 157
167 7462
9368 3699
3912 7641
3320 4480
1929 8318
4323 2870
4740 3700
1126 1214
6095 1215
1641 604
1483 3221
5639 9173
8158 4487
6508 9694
7940 8276
7456 3974
7073 3402
5940 7079
3178 8158
4922 4233
8196 430
1530 1752
2285 342
1698 5015
6938 3056
9070 9748
1841 2543
7353 2846
9272 9469
5026 868
1629 803
1426 3968
4199 5194
1580 2933
1069 816
8822 309
6294 7421
8536 6693
8048 8662
1619 2084
5285 2145
3780 9978
4619 7562
2024 7502
4027 534
1682 3563
1253 5110
4075 6324
8417 5950
681 9045
7961 9910
7555 9452
3109 1281
8180 7367
5671 1469
654 6223
3464 4154
5250 3814
9379 558
5469 3886
9457 6920
5252 4106
3252 1139
995 6921
3048 3902
7810 3743
9830 8474
7450 3638
7515 4659
7943 9526
8856 306
2990 2624
8556 1570
4832 5393
8511 8082
4527 9669
736 219
4689 4906
1362 2035
8803 8567
7858 4097
3872 3132
2716 8274
5858 3467
2062 858
9944 6696
6909 6527
441 8942
8551 307
1287 3858
4473 9888
2599 1147
7794 1609
8049 3378
2151 6286
7907 5462
4600 7776
2715 2163
1027 5350
3924 4772
2984 10000
6480 1255
9197 1914
4775 4225
3426 1395
783 1665
8088 9998
269 8153
4237 5688
6331 1322
555 4508
9738 7039
4243 228
2826 3565
9235 8944
8280 2009
6800 7323
1718 3354
688 6988
1553 2753
5142 9915
1359 1815
7475 1173
2984 838
5659 3874
9640 10
4343 2660
6753 6889
4201 163
4565 6144
4645 5335
2116 7632
8173 8725
3 3690
9181 9309
127 199
6569 7139
1232 6155
1892 4909
1681 7354
4099 8237
8255 2331
1345 4368
9664 5532
8340 341
1237 6486
7391 4002
1347 9955
3753 6916
2015 1806
5310 2405
2568 9162
5333 3923
6026 1541
5122 4206
5551 13
813 434
7097 8948
4994 7526
206 417
2506 2484
8018 4487
5979 8698
6747 2521
2171 8032
6913 9486
5306 3004
5813 1938
5505 6242
7700 909
2085 800
347 8056
6273 2776
8493 1069
4323 4303
6675 3150
1765 2358
4723 3354
8975 6375
3509 3035
2971 2259
194 2898
8233 409
1213 7751
7604 7961
6694 508
533 5162
7309 4882
7399 4393
2180 8751
5659 7299
2856 574
2092 853
1345 9606
5013 3793
1688 3360
3217 5971
297 451
5987 7125
7753 9986
1368 9761
9785 1593
5514 6501
1468 9124
327 5067
4229 7057
3697 6153
789 8150
9751 6743
6980 310
3859 8143
1293 592
885 9594
7535 3864
529 8856
8832 1723
8516 5744
6693 4269
445 1065
6112 805
3177 6935
1962 7131
5967 6475
4609 6576
9150 3924
6435 5839
2579 891
1659 451
3167 6974
9627 6474
2185 3882
2715 2968
7216 9598
6241 9183
8804 2766
3858 4109
4981 21
3496 662
60 8143
5637 5171
6681 1414
854 4347
1068 5003
7611 3890
2008 1544
6166 1088
4116 8147
386 3427
9316 133
7430 295
5208 5323
7274 5684
9523 1165
5433 5417
4703 1470
7288 5720
7952 580
1558 2833
358 3880
533 484
262 4623
6919 9362
2314 7402
6620 6963
1416 4043
6668 4877
6033 5658
5487 1875
4268 3399
709 1404
5922 6576
5699 6934
7787 5141
7275 6074
6009 3498
4528 2274
2770 7117
1832 3496
68 600
7218 1601
6564 7609
2233 5210
1560 7729
8650 7649
4198 6570
5203 5783
9804 9549
3565 4453
7458 9474
1372 4925
1948 264
3028 5458
3589 584
4414 1771
7336 5430
9003 595
7024 7767
9816 2421
2131 5929
5171 438
9675 5647
3900 2419
6341 2444
4607 845
7453 7539
1858 5250
4938 2092
7722 1470
3221 8937
6659 7474
5840 6617
7056 8595
1509 1037
2511 8182
5388 1690
16 7371
1345 718
4728 9559
7285 1590
8033 5607
7476 1184
4148 1762
4568 1164
5786 7598
1388 5672
9663 2741
5666 9324
248 4409
5177 1827
5287 7478
2874 5180
876 6967
770 9759
7486 460
8292 4820
9610 2394
912 144
8299 2483
3263 97
955 6360
7024 477
1929 253
9736 8518
8476 4844
7941 9664
8823 3068
660 9766
1997 210
8724 330
9382 1688
2315 396
3363 94
1431 8204
1775 447
6279 1315
758 1670
5515 7087
6602 464
3801 6830
2660 2564
6162 894
4600 6560
5956 5857
1420 6709
7969 646
9498 8662
7904 6390
4339 3452
5314 2573
9447 4766
4472 3210
2675 2671
4228 7128
7002 9913
6445 9469
1975 5465
9878 8051
5345 7338
497 2597
9904 6839
480 5741
2623 6267
3676 6844
8611 7979
9130 2809
5291 7863
4299 141
9049 4364
1442 110
8320 8445
1851 2075
6621 5604
1115 3255
123 5331
9923 2330
2002 4064
9144 6837
7120 3777
6616 1764
6042 5043
357 3592
8996 2706
6742 742
2176 9748
5727 5130
3156 6454
7037 1792
3359 9196
1111 980
2637 9314
1634 7208
8825 9849
1603 6438
4290 5471
3770 8199
1985 5709
3997 4724
6586 8343
6690 2379
913 3215
3794 1940
8751 4875
1850 7267
1669 2153
324 817
2304 304
9702 2583
4206 7048
1944 474
5616 8941
7787 6397
5584 3504
5961 1123
7028 8831
6328 8389
5140 8854
4339 9875
2521 725
6202 5886
358 83
2889 3013
7644 3700
7191 2542
1304 5448
6239 9992
6144 7860
1380 878
7006 6116
1377 4527
3931 4305
3438 9147
224 4911
5274 3393
8217 6027
1141 6535
3723 5523
7693 7401
1816 9910
1069 2678
6000 7294
4240 5623
9402 3675
5628 2130
212 2626
4588 5630
2775 981
8638 8231
5326 2101
959 4836
8072 7189
5012 4071
9852 2401
4538 6165
5389 7118
1136 2855
7966 3460
4915 5888
8023 3914
1674 9376
4649 113
1924 9176
1983 83
2607 719
6165 9757
7738 8901
3421 91
1757 7622
2320 7107
743 2145
9106 5125
4488 3369
3433 2817
6449 1659
2047 1113
6264 8881
6326 1513
624 5031
6315 6148
7161 429
3950 2449
8403 5404
241 9462
8153 2284
1263 2963
1772 532
5584 1506
9357 4324
1354 2861
9008 1696
3385 9425
6205 109
3970 7762
2680 3714
6244 2560
1411 5447
8145 6136
2195 6512
1916 573
3808 4656
5074 7448
609 8872
2078 4382
8504 6255
4472 785
905 7110
2430 8010
1137 4028
5638 8421
9300 5328
4114 477
71 9829
4773 2010
7568 5051
9237 2008
3931 7307
5937 506
6686 2595
3253 7951
3055 6739
9324 708
3509 4135
7605 2106
1836 342
7641 5513
5372 7866
4140 8837
7916 6369
8114 9888
4963 3427
404 5664
3792 9845
7059 706
3115 9486
1180 4191
2508 6552
7933 3678
3562 6889
1351 7499
6374 259
7316 7991
5001 1672
3483 8191
858 2130
6241 2049
1269 1937
2723 1212
9801 5078
4369 1847
4993 2449
5341 3926
885 3510
1652 440
5329 9077
6908 516
5655 3722
7487 6197
4273 2210
1174 1332
2105 4607
2714 2165
7052 461
9207 1636
124 86
8659 1890
3862 2275
4317 218
580 5861
1785 8665
3987 9523
459 6334
3415 9412
3073 2941
5725 63
3654 9898
7698 1105
4884 1909
402 9535
9211 8769
4067 5149
7903 8489
6019 2110
9638 7749
6815 1660
1731 185
2231 4939
8364 2367
4526 7513
8947 727
8342 936
2003 8843
2043 7664
1128 6040
318 9279
2260 6682
3765 354
9408 695
8673 4680
7472 8974
7648 2164
7610 3761
8132 7156
6088 7649
8388 6945
6540 682
322 5654
4708 8127
6845 755
6382 7318
5015 468
8061 8295
1418 3454
8732 17
8246 8906
3090 9662
1198 7366
9335 616
2820 359
3735 6220
2 8131
1077 9166
4619 4623
4897 3789
2176 6660
2765 9896
7463 695
2652 4305
362 2009
2460 2129
3148 4988
245 6124
9489 4296
7842 598
5566 1084
4352 966
2734 4697
7733 6699
2327 1675
3107 717
941 4857
29 389
1541 976
7785 4254
5692 6779
8199 9629
1001 9318
6257 7984
6305 418
5091 1556
394 6523
2860 9785
18 73
6549 7961
6528 228
1746 503
6106 9099
2343 9573
345 1911
4317 5465
6410 27
7350 7584
3111 5103
1389 5411
3798 238
4064 9961
2240 3452
8818 6653
2580 8124
7517 2865
5052 8816
8933 4660
6241 1874
8739 2384
4491 6451
3280 3031
1579 1059
6800 2447
2765 6208
545 7419
6952 1458
8772 1981
3560 6534
1963 1624
5054 6986
9956 9947
9413 8329
3589 4171
8280 1638
968 3455
2739 974
7577 3666
7560 4073
7230 372
9699 8850
3270 5266
9119 8823
1477 712
490 2787
1135 6996
2134 6298
3138 7437
4802 7541
5882 6100
921 1119
4575 9881
3065 3134
289 9089
4615 3078
3111 4438
96 8827
9284 1824
5411 3045
1003 8947
5614 7113
885 3913
5814 8902
1201 3265
1163 348
2315 824
9531 9012
3359 4615
8197 2316
9136 4332
7537 3586
1636 4654
7662 5363
4642 2204
7612 804
4432 3637
732 4001
2102 9597
1989 4676
8230 2286
7656 5768
9568 9261
1237 5518
449 1375
1775 3648
3708 508
2254 4308
2093 7955
4244 4500
1113 5902
2035 5820
4329 1431
2396 5827
8617 3514
1082 9469
4876 6285
7121 2400
8962 5646
4305 2341
6157 9740
4960 3986
3776 9272
1991 5462
6489 5437
6442 5700
5105 1886
3358 5012
2593 3135
839 2854
6135 3975
9119 7865
41 8437
4382 9499
3689 4752
9830 9921
2890 8979
9822 7001
9282 57
5570 8766
7856 3428
4536 5244
2128 741
6326 2341
9373 9255
9971 4932
4999 2605
491 5951
3653 7150
711 5906
2652 205
6204 1898
1312 830
418 5951
3739 8373
7416 1909
5788 9649
791 4532
3409 8058
8516 9431
312 4455
8457 7027
8498 6035
4118 1321
9433 4992
3828 1117
8324 5100
2955 4487
3113 1188
4485 282
9138 3046
2018 2387
5363 8747
6685 8388
6506 1045
5870 482
376 5861
4178 9228
9023 9745
2824 1997
9357 8692
8974 4212
1656 6918
9675 1569
5466 109
4509 6259
6575 3444
6695 2592
5453 5067
7379 2916
9156 9151
1630 5662
2789 1995
8692 2279
9143 9759
6729 1348
3656 209
9531 9390
2705 8145
8788 4064
4878 114
6660 5265
1788 2245
4366 1955
3187 7111
18 411
9270 671
171 8338
9032 3841
5545 971
530 2646
8786 7638
1891 7359
868 1508
3399 7352
5551 6092
570 2346
1857 9342
6223 9907
6321 6950
2252 5849
960 2755
3865 1677
397 6152
1609 6541
4728 754
567 1053
4777 6171
9109 5959
7570 9471
1377 3648
818 1581
3865 8717
1931 4576
2128 2965
5607 8943
1825 873
3014 6946
7364 1554
9579 1014
4047 2169
8216 4962
5743 2637
8855 3755
8615 448
667 5605
3383 6691
8278 2123
3265 4227
7932 3248
3000 1268
9176 9111
4874 9773
8205 5104
4368 5764
591 8037
9203 6956
1667 6516
2721 3900
5237 397
272 498
5945 7358
6338 2216
4452 6349
9370 1877
8427 4454
8671 7975
1275 7366
2622 5999
5004 1703
1348 318
3600 3836
7116 5135
9952 688
7270 1892
3737 7610
9433 4406
98 8996
9034 3735
1458 1628
8269 6058
7360 5178
3612 8486
4522 9587
7318 999
3866 1870
2185 6229
7142 3765
7155 4025
7159 8942
869 6973
1469 3946
8010 5699
1808 5437
4902 841
8713 4064
7074 8091
6195 4756
8007 2585
8828 3160
7769 2075
4465 7548
8167 6131
2585 7446
9711 1714
2128 1253
1335 4509
6679 5621
6170 2065
6202 3955
3087 3669
6770 1265
3920 8991
2844 3179
1146 7833
2474 6971
5504 7301
7384 4106
9685 3199
1361 7704
3434 2146
9075 6559
9428 1486
7681 1427
2337 2585
7624 2476
6301 5667
6244 6806
3504 3934
4435 7256
4186 9565
6570 5877
1378 604
727 960
76 5617
3270 1635
7993 1730
2504 610
547 2664
5617 5051
1497 1570
2402 2976
199 8060
7814 8537
3241 3328
1776 4451
4002 1966
2293 9006
8968 5609
3510 3718
83 3186
8177 2303
6854 6569
7831 4279
9196 6113
7233 5526
6887 260
7775 857
7845 8150
3298 7504
7108 3438
7659 1812
6568 6995
1955 1453
8410 5635
9500 4803
9555 3481
8776 9812
8969 1392
5225 9093
8361 7683
9336 9548
6 8519
8506 3870
4176 6556
1807 4564
4569 2991
4093 7043
8036 2692
9629 9820
8095 930
6148 4529
8515 4623
6132 1929
2617 1693
8532 3398
4591 4837
4334 853
6140 4212
264 2118
8768 4435
5285 8237
1647 3180
9532 7431
6431 2105
521 9441
208 8670
115 5558
1628 810
5838 1767
8799 3291
8049 3424
7385 7280
235 6377
1601 6594
706 826
1372 3493
6812 6850
5390 1051
4417 8154
7185 2667
5440 4389
5188 192
2818 8443
965 1252
7388 4566
2306 2767
1593 3293
877 795
2343 95
3726 1850
3936 3106
6381 8745
1228 4701
8336 1654
2869 6738
369 8513
2491 240
4500 9295
3817 3320
3239 9541
7576 910
1723 867
5122 6707
6611 7246
4330 1953
8107 5858
6042 4422
5594 1288
7277 2052
6810 8661
990 5832
9000 8163
8145 4074
631 1172
192 980
2570 1507
6024 9047
1122 9726
9350 2490
5236 3505
5468 7861
6895 1428
9560 8125
9916 7225
3767 3440
935 974
1334 3204
2429 682
6169 8938
2630 3477
9936 7337
4949 6296
7958 4264
1134 3944
1435 124
3112 5293
2325 8004
7730 2760
3475 4384
5963 1508
9570 2137
9084 6123
2900 4509
2953 140
1469 9386
6729 8028
3023 2349
6545 9132
4201 587
648 5049
523 8672
8470 6105
7069 4069
9278 9284
8753 4024
9454 4097
9159 2919
7892 6867
9439 2220
4739 9460
6244 5936
6791 3569
1415 4937
8165 3013
2873 774
6807 1498
3901 2317
8646 2749
7469 3714
3993 4594
2812 5755
3517 6569
2604 6529
7781 127
8385 5002
6596 2103
1062 8917
6632 8538
750 837
5258 9789
461 6322
3315 3139
9145 7596
9458 5346
1355 6097
8123 6442
9514 5105
8689 2739
2810 2449
2967 4214
6385 2797
276 2079
3786 3553
1093 5537
3118 8137
3448 3547
6287 7463
2134 586
7511 1701
3056 4559
4929 6347
7869 7810
4709 8260
146 8039
2746 7197
5924 5440
9303 1741
6634 9475
650 411
4342 6862
5357 8348
7462 2760
9734 5932
3478 4777
6703 4175
1768 4364
4453 6632
4294 7540
692 986
471 142
978 7726
7377 8742
2219 4788
6703 2156
718 7725
3267 1735
7989 7031
4972 2602
1322 4970
4123 7415
6408 6916
9795 2050
6257 9552
8416 2472
1743 9709
6889 8335
1676 8027
1848 8750
1125 5544
3386 1297
8652 7997
1314 774
3517 3171
5523 8172
3332 3786
6334 1597
9997 6938
4280 2680
7803 4747
5040 8068
5821 435
1264 9682
9070 8062
4881 9795
5069 7203
9764 1386
3645 2468
4654 5362
8125 8102
6067 1267
1946 5858
6167 4577
5587 6378
4240 7398
1085 592
5536 2258
104 4292
5635 1792
2994 9293
3044 362
8475 843
788 2991
6025 6650
8781 7204
2749 2744
8195 8073
3413 7866
701 8846
7747 8028
3331 661
1998 8665
6760 9897
983 3066
1146 5584
6111 9154
3927 5869
519 9897
1587 8921
1720 6486
7447 8771
2005 1443
8140 7013
6813 3532
5273 8281
1957 8728
2616 1932
3734 348
6591 2
4066 8124
4654 8058
1149 9347
3381 4195
4057 5684
1928 831
1187 7730
5429 3927
9725 5357
2309 5359
1291 9774
1778 3692
6753 5974
7800 5059
9548 226
3934 1283
6945 3185
6583 3990
1972 312
1044 1844
6698 1878
684 6457
6016 9332
5759 696
6189 6303
1751 8160
7125 5018
7601 5582
3280 2381
1994 3363
1066 1618
1485 6615
5356 2626
5836 1469
6972 1227
7581 7785
2496 7269
7975 3008
632 1749
8028 2335
9197 5681
9386 6543
1893 1958
1149 1383
2968 5686
5719 1778
5511 2118
7427 4099
2556 407
7654 9126
5677 2
1911 681
9189 5770
1952 4843
3988 4173
4549 723
1925 2779
1077 2180
8769 6490
7391 5456
931 5977
4135 251
171 5284
9272 7697
1015 8376
220 1674
7679 3287
6746 588
9263 6413
2016 8562
1707 68
9730 2973
5069 2005
1793 7288
3763 8784
6782 9088
8727 8462
7041 7571
2399 8949
22 6600
1350 732
823 4368
2634 2000
5824 4491
8888 582
1134 4078
6708 3329
7930 4819
5774 7350
6677 162
5713 4975
803 7727
2670 701
8877 308
7913 1377
930 4160
1698 2332
9695 3008
1334 5798
1135 4605
3446 4780
7987 7382
9209 4894
69 9999
7630 6232
2746 4106
9061 5470
4726 9286
9983 909
4260 5573
5266 640
7047 658
9409 2081
6171 9474
1867 304
5695 4538
3075 6169
359 2242
3329 7201
8092 5337
6215 5649
2727 6809
1078 6646
4846 8604
2641 9656
2446 9326
5842 777
9978 8837
5517 2305
2531 655
5154 9880
9081 2059
8822 5955
6208 1275
3252 5891
4967 1191
783 2186
149 2662
1868 6383
2948 1913
3534 9860
4562 5304
3858 4566
1286 7297
7500 452
160 2286
3249 5924
3589 7399
951 8771
8137 9335
458 8107
9149 8243
2576 8618
7019 3209
1599 1297
143 5141
5837 9562
4681 7786
6360 6285
4625 2639
360 8020
3386 7879
2738 5805
8074 7718
8942 1601
3384 2897
331 2499
8423 709
2049 4539
7218 2234
1575 3971
3032 9449
870 1921
8747 4364
8766 3415
6371 5622
7239 5463
5640 9795
5803 91
2416 1568
7027 3780
6598 3438
15 9217
6060 5891
3337 1891
6498 6834
396 6799
2007 9084
9169 755
7343 1479
1018 6012
3925 1166
8803 7287
531 5401
2998 1926
1985 5502
7582 2534
9834 1288
558 4383
9125 6327
5330 8811
6322 2952
2262 2603
179 6295
6022 1158
8461 7810
6966 9027
4015 1120
6627 8650
6307 8145
4937 2118
1474 1927
7735 205
7021 4550
3072 2851
169 1480
595 1947
1723 8773
4205 8480
5524 7489
7629 7187
4734 8117
4985 9990
6088 2562
4271 7064
5855 2020
2302 1282
5534 8484
1062 5954
9494 4640
8733 981
1073 4975
8148 9675
3444 4095
8857 261
3203 3234
7710 9714
1738 473
9050 6859
617 1199
7279 2395
2239 4329
6908 7699
3675 1436
355 5133
5998 3519
4317 9407
9205 7363
4525 1650
6870 3728
6147 9748
472 3794
8130 1963
1384 9029
1507 1867
4633 5196
9339 5162
396 152
5099 2225
2593 7815
7622 9909
2685 9226
2201 1960
2956 1660
7174 8186
6488 1328
4369 3011
74 1898
5503 3350
2993 7409
1995 5982
3425 1347
4427 5468
9902 6185
4354 3380
1081 4973
1320 7572
7578 4810
4823 1207
1743 2274
2759 4713
9731 5558
188 4860
5778 3361
2894 4570
1596 6389
8522 1676
537 7211
7431 1306
3276 4133
2219 2260
7883 3799
1887 6064
6109 7701
225 9525
1541 3310
7160 9016
5902 1162
2029 1605
9608 7535
5352 6976
5794 8986
9160 4620
3304 6204
2455 252
2143 6243
9069 392
3838 8268
677 2914
1119 2037
6509 4186
8279 5799
5473 3999
4482 6196
9450 2759
2915 2397
8835 9808
4362 4295
4813 295
86 1439
8356 538
8302 3612
8113 8041
5275 356
6560 770
88 9106
2917 5038
7212 7702
2011 7685
6823 6492
2077 4873
9771 82
6825 1890
9021 1957
1985 4613
268 8491
2132 5515
2658 2343
925 2511
6777 3432
2090 7400
5135 2434
3215 5128
4621 3905
7532 5988
4452 6731
669 469
8041 5190
3712 9934
5059 4923
2780 7758
1490 4329
5536 5352
4595 156
3610 4306
9489 559
6265 2924
5789 1631
2309 9009
2273 8994
2013 4402
8002 9369
7745 801
6613 2018
5874 235
707 9457
6599 8650
5183 2847
9537 874
4296 7011
8944 8202
2810 6193
71 885
1754 6848
9630 9970
8497 8945
4647 3544
1048 7404
6963 1398
8166 3485
8902 9746
4374 2367
1208 4945
1036 3175
8781 791
425 8949
8695 4942
4397 2790
3707 8876
9069 1550
8514 33
9877 2196
1072 1918
9039 9918
2042 988
869 7743
4836 539
803 1006
7208 8570
5297 297
2670 7863
3519 5321
5768 6776
8466 1431
3821 2377
9486 9744
4057 8262
4020 6885
8914 3148
4831 6534
5070 2571
6681 4337
4931 1502
7683 6037
8032 1886
6933 4427
7050 1044
3218 8791
8665 7454
4720 124
6277 7524
3862 1518
8027 1387
9559 7004
9476 441
8687 7421
5431 650
8587 5273
6893 4947
4573 6972
7174 9829
4240 9943
8683 8868
7641 2568
420 6697
9423 2107
3387 4501
461 4736
3952 3174
6149 7311
3277 7663
2743 8826
8109 2931
594 6722
409 2770
1210 2796
6500 4999
8235 8148
4616 2225
1245 7635
735 2961
4329 9246
6679 9683
7722 3343
6496 6129
1703 1192
5591 5492
6544 4773
920 4156
7735 9009
1615 1986
6434 6876
7936 4268
6494 7275
2809 2657
5894 3824
8308 1741
7747 3100
9665 6263
3190 9058
7619 4258
3461 8958
2601 801
9810 8134
48 9502
6066 7696
8632 268
2028 4820
1780 6011
7616 8019
438 8524
859 1512
5738 1735
712 4925
6769 2553
7352 9682
7649 305
1382 3386
9707 4509
1364 4022
8974 3953
9898 6966
7722 9336
4417 1085
5623 7341
8458 9700
3894 8844
5588 8850
5689 3141
3582 138
2703 7521
2569 3557
9746 216
6450 1411
7061 5426
2975 6396
4008 5692
104 6235
8206 4334
4664 3437
5425 4106
9667 6871
1556 7752
8634 5606
888 7664
2205 3850
4787 6951
5841 9574
9903 9741
3442 6897
8495 3014
8282 2528
2599 4409
275 3544
4780 2757
5706 1887
7210 890
7380 2706
5477 8967
8725 1020
5201 208
8990 5334
6166 7282
1575 2698
1406 5066
926 3404
4289 786
5566 235
9492 1294
3332 9396
6893 4455
3422 824
9833 3781
4293 5615
4162 6866
3692 1485
7019 2716
9065 6324
2590 4540
4355 8443
4217 2181
5725 5885
6707 5678
515 5108
2261 740
7682 3991
5975 7162
5565 2418
520 370
1357 8166
3635 5409
9848 96
5870 5870
6885 7182
101 5403
7871 2864
54 7511
152 1755
7230 6978
6224 1587
6852 6947
5526 6154
1604 8199
62 3844
3791 1451
3316 9854
832 6444
7072 1566
8578 3548
2395 3500
5649 6136
3216 5329
9007 1751
5846 8126
1016 6326
430 1889
6503 4546
88 2708
874 8310
1178 3895
2532 4854
3171 4335
9137 4170
8189 1150
335 9439
6562 5028
8172 890
4433 8518
1226 7103
9936 7967
7978 481
8276 1541
2824 5211
79 6333
7331 5054
1657 1905
9696 4380
2178 497
9455 676
663 7416
6398 431
6915 8448
5820 8939
1896 2888
8001 6197
3342 5013
8941 4093
6778 2151
7486 3812
3539 7710
965 1113
578 4988
6603 2565
920 5853
3600 403
3829 6708
7621 9380
3701 7368
427 9137
8925 7743
2379 4242
8007 1625
9479 1392
5898 7568
7760 9494
6766 6142
8218 2589
7198 6336
9101 3448
2702 7610
5374 2909
9967 4219
7693 8949
6497 2322
1344 997
7945 161
4080 6878
4131 9857
1618 35
1930 6023
6520 7369
1541 3397
281 6867
5412 2452
6943 2574
4620 5440
5023 2874
3230 148
367 5003
7599 6312
3299 3615
4323 3304
4584 1249
5708 5927
6596 1725
6882 756
1165 6821
3443 5404
2026 7523
9293 4848
4407 1456
7560 408
2013 7332
2410 775
529 2143
5862 8193
1308 3975
5301 5339
6507 8771
4983 1282
2103 8824
1867 8319
5767 3201
7373 5018
7541 7717
9248 6652
6911 340
7901 505
5023 1201
6474 2925
365 2007
1166 7590
1298 6949
8292 515
2529 4059
767 5995
5042 8810
8173 5809
6158 3367
5422 7559
130 2960
1398 8769
7165 6514
5809 3419
1948 4523
6263 9501
2121 3899
1649 9982
1184 4224
7051 1927
8162 6002
1817 2601
1532 8748
8959 9169
6538 2909
9004 9739
2313 2190
967 9878
715 468
5245 3766
1598 6920
25 1183
4719 6933
6469 3313
859 8145
3807 2143
4518 2224
1760 7796
4143 9126
7561 6584
6708 8924
559 7967
3058 5621
6122 7507
7008 1424
5656 3091
3068 8672
3415 4732
6070 6187
5810 2455
8364 3408
7131 5347
5541 6317
1402 5205
7426 7248
1957 5085
3762 4476
8017 2810
549 2430
4135 2496
4483 2880
283 2633
6366 2413
6729 4683
5221 8246
3649 1977
2027 9829
8533 6268
8007 6145
3647 915
2381 5537
1993 5016
5933 4132
5863 69
2186 3072
2455 7926
2718 7066
3389 2257
716 3126
4904 8884
1286 8430
2217 5070
5552 9576
5861 7409
1525 1075
9657 9638
3688 9843
461 1729
8749 3966
9612 1398
4586 6965
402 1260
9656 2183
263 2594
7326 3682
284 1264
4512 8027
4771 2926
5700 5472
5444 122
1301 909
3309 1318
6315 7292
9258 2193
571 1552
261 919
8043 4803
240 2203
2233 3470
7216 4596
8316 9306
9852 757
6907 2597
8359 5362
7373 2695
9946 768
5377 5253
581 60
606 1205
3223 1151
893 4899
2605 7984
4838 708
567 9306
6825 6601
1585 2751
3327 3110
769 7918
1615 6435
5516 4657
4692 3235
2206 4554
1855 6916
2937 1359
7194 1718
6301 8355
3741 1823
7994 2263
9236 1150
5698 1665
4336 1518
6194 172
5677 558
9298 8304
1844 2575
5339 7251
6530 5277
6937 4464
7209 2977
2865 1479
2085 2390
2612 710
1506 3340
7732 6966
6412 4953
6279 6152
8502 2438
3194 6898
7903 2233
4648 789
6402 8319
2411 9281
2670 6589
1794 6795
7973 6486
3876 9773
1576 831
8147 1823
2179 4737
2452 3925
3525 8831
8671 8488
8659 1241
2994 2666
8990 3840
5130 7556
9697 1404
7877 1042
4879 58
3538 1154
6285 1993
3274 824
5644 5303
1843 9686
8282 7271
8274 1898
2489 9079
8337 4936
9744 5151
7025 4138
9904 3436
2002 1333
3434 3837
1136 5294
6911 925
9104 461
4344 19
3852 3377
711 1959
4507 67
6238 3702
645 6575
591 5416
917 9537
6755 9055
2208 4908
5294 6963
8389 3697
4915 4668
2613 3422
3429 2319
69 2645
2718 892
4962 5870
2419 3767
1588 6511
9767 8294
4966 8875
2638 4379
1157 2409
293 9347
2022 2727
4561 2717
2061 8463
9813 607
988 2041
3849 9718
2649 16
2039 2604
4211 905
1158 1583
3174 1409
5421 1279
8732 5575
9888 392
6742 4218
1023 6689
3740 580
784 6884
962 8295
1097 2639
1500 9159
1266 6490
3235 1593
8539 187
232 777
5466 6918
9528 4930
5352 4393
9392 1450
2812 2999
3 8940
743 7714
7354 7306
9026 5230
4907 6402
7333 6020
7646 5248
762 8357
7323 6309
5746 7408
9912 4711
8630 5334
8322 553
80 8107
954 7132
1098 4095
674 3861
3015 558
2183 6977
5265 1413
1121 6535
2691 9206
1177 4941
3864 6157
587 9806
1092 4004
6700 6090
3154 5813
3565 606
1885 4398
1217 8485
8114 3465
4827 6815
8069 4860
7500 594
5764 6975
4236 5758
8634 4924
7638 9797
1317 3084
6105 6571
6537 1215
2299 7994
7989 9692
7745 4121
6951 3978
3469 8302
9212 3245
7015 8946
5131 694
7440 3316
4931 276
3522 7216
7761 1872
3596 1073
5847 2984
8829 4404
2409 4553
6670 432
1305 7890
2453 51
8758 9063
7559 766
6193 691
894 9172
96 706
6092 7231
1926 334
2894 6292
2738 248
6644 1416
8327 9290
3888 4418
9100 2730
6333 3106
4949 1985
1154 6819
9154 5068
6055 5294
5607 947
7527 2495
6156 745
4103 6891
6821 1284
3670 2754
6292 1757
2629 1474
9917 7785
8281 2732
2603 5961
6063 9883
5521 5903
255 8930
7284 4451
8084 2692
4919 3205
2619 9994
9335 2627
378 8241
9976 6845
4579 1379
9519 6839
3960 4983
2689 7679
9185 4315
4508 5968
6125 8784
6069 1461
3573 4198
658 5634
6567 698
809 8384
9281 4990
1257 5208
4844 4152
9895 1394
8988 7485
6347 9134
5765 3680
700 7762
2880 1909
937 3205
8878 3067
8858 59
4028 3753
2390 8546
9911 9512
4710 5917
8034 2418
3610 3311
1222 9961
4298 6123
2138 2475
768 2089
2499 692
7220 6411
1357 7108
4680 9633
6635 4611
2598 985
1947 9267
118 1851
7549 725
8964 8660
4038 4990
6450 498
8720 5163
8425 8416
2212 1058
5142 5121
6875 4379
6435 8194
5713 6511
291 3179
1035 528
5218 8647
7834 186
2620 5717
2705 5625
7901 1821
4324 8730
9897 1831
5873 6182
5661 9704
2035 8492
9125 3614
7092 8958
47 1727
4451 2799
3456 3277
9207 6555
3863 7036
6835 7576
8735 6279
9626 2428
2296 8496
8868 7439
6903 3879
3938 3602
1372 2076
3534 7808
741 7224
7911 1108
6210 6281
716 9195
7161 861
2070 3659
2123 802
3195 7508
2902 1178
817 9046
7676 1364
9519 6532
8788 6409
730 3240
144 7205
1583 886
847 1575
5115 9973
6755 6250
7827 2235
2757 68
1569 6968
2807 9711
9645 9367
9627 6791
9805 7552
483 995
2765 3666
4168 8999
9554 2303
5775 7417
8459 151
3129 9330
2745 554
5498 2840
8209 6232
4428 4842
5136 5771
708 3116
2479 5848
1781 3763
6678 4178
9140 307
5269 8111
7260 8887
7505 4927
1283 7392
2780 5802
1340 819
1401 5849
5470 3452
7230 7113
6422 2327
9530 9051
7065 8256
937 2959
2300 5945
4246 386
8519 109
5568 1381
7878 3122
8240 4945
594 6932
8874 6887
369 6176
1634 253
8921 2302
2129 5814
8587 5635
9768 5488
4029 4725
1668 4485
6952 1456
4643 9034
2708 792
2374 1068
5904 1952
5367 347
5158 5419
172 231
9630 1506
6093 7851
1778 1493
7555 6583
6371 453
6353 7923
6810 2769
424 3056
4337 7151
2725 9905
7779 6174
6270 3610
9584 9897
1821 8824
102 5663
3051 5969
6909 4417
145 6893
1953 5483
5563 4213
2518 7366
6350 6123
3223 9453
364 9082
4191 8623
7141 2480
3484 4117
5248 457
4464 213
6026 7757
2538 7286
2990 4781
5588 8484
1255 5322
3806 3846
7314 2343
3676 3998
7847 9552
4140 9729
360 6283
8010 200
331 5933
8791 5910
1941 3600
1687 9355
2968 3156
6026 568
8414 3428
6349 8788
1302 8011
6450 4047
9679 6854
8253 2245
7187 1835
8577 6437
86 6154
8426 7714
5758 835
4652 2425
1925 3880
764 3588
5884 9028
7805 5375
4083 9213
8239 1914
9799 6758
7139 5902
8635 5240
3025 1667
1738 3522
7533 2000
459 1807
904 5733
5143 4679
2931 2422
4343 7144
5737 5145
6273 5238
2637 2226
7700 7216
3138 3180
3441 293
7882 1579
334 2775
369 4399
5429 4864
1227 6732
3202 1362
970 328
8461 195
5780 4245
6820 856
1781 9455
9421 2417
3426 1224
4378 1366
2990 6643
1021 1504
9903 1133
31 5275
5491 3010
2140 5802
6320 6063
5745 6252
2521 6308
2249 5966
728 9661
3315 1953
1368 1761
1640 1517
3362 7594
1100 6134
8107 5094
4051 8509
875 2509
5926 4635
3665 1572
7846 7674
1461 5010
2928 1220
6750 7217
1298 1344
2821 4487
733 1753
8106 502
267 9794
6550 4448
9491 3768
8865 5599
602 8054
4916 7699
860 3295
8529 8429
1244 8743
6210 2013
5928 1554
3216 5335
4193 8770
789 731
5081 6587
131 5621
3662 2057
3542 4482
1350 2596
8472 8420
4235 2115
8132 2119
2313 4239
8253 5125
357 2505
415 2327
1633 8623
4310 4446
5005 5915
5342 1681
2544 8860
9483 8567
8440 9417
2410 3815
350 4259
5736 862
7837 8522
3073 6305
5172 3763
7675 244
3162 1081
2069 9098
8802 1570
2490 9837
1599 7379
3642 9585
9482 8758
7194 6756
2242 3306
6603 2617
3106 940
2297 661
4249 5877
4277 377
3430 1476
629 2801
9731 6286
8378 588
836 2851
8579 2766
5631 4691
2064 7970
8590 2544
3737 9108
2035 3157
9855 1710
2571 2599
2627 2593
5639 1404
9959 2342
9559 298
386 1621
2855 9632
4072 182
8542 8235
696 5991
7012 3538
3431 6557
5509 7026
1342 3278
1972 2561
9584 7039
4641 813
6799 2937
2429 9253
4783 5329
9598 923
6442 8728
1886 6792
2021 848
137 6800
5331 1009
1143 9304
2553 4650
7750 9557
7842 1196
1068 9270
2420 9667
9851 2165
4947 8406
3302 3274
932 4818
5299 129
4965 4882
1666 365
7083 6210
5709 8173
4571 819
8287 4301
5149 1137
3002 6336
2206 7988
8292 3501
1445 7476
3378 6552
2808 2752
3496 7010
4272 4177
4751 2467
9419 5114
3592 8183
3328 5011
5521 2519
5032 7159
3125 538
7227 1098
824 5803
5160 3055
6404 9629
8954 4536
5037 7180
1719 8463
6508 5398
4346 6358
1754 1338
8868 426
7323 1167
4046 5581
4477 3320
4466 499
5201 8646
5707 3661
8185 8015
1338 1765
4723 1726
6458 4505
2053 7803
7543 3995
6857 5837
5450 2200
1979 7916
5208 6088
769 8236
1740 4134
2122 135
3457 48
4010 7258
3957 1377
2229 8035
2667 3757
8057 2489
4687 621
1825 1020
47 4844
4552 9887
8328 432
2971 6692
3167 573
8402 2470
2594 2007
2640 7532
2653 2054
1144 3629
7329 847
6435 7007
3906 4641
2239 5381
3584 9549
8090 8904
9065 6937
1696 6036
172 9366
2449 9927
305 9393
183 1110
2008 2887
3158 6160
5535 429
8148 247
3159 2095
7227 6620
8185 1527
6893 2490
6773 7536
296 678
4492 475
3114 2469
2927 2434
5542 1503
9782 1260
2631 6626
134 5584
7141 2746
6717 8893
3126 8224
9696 265
8439 1873
8695 264
9899 64
2630 8720
6994 2270
4592 9930
4654 1529
9447 956
9250 7539
7591 9157
7756 117
804 9560
3764 9027
2576 7133
7973 1137
7170 84
5772 1078
1460 5436
159 2352
443 4051
9681 6761
4924 206
8723 5256
1805 8603
748 5771
9786 9269
1355 2372
4298 8328
8540 2817
3393 806
7306 9489
5030 1402
2341 3091
5336 3130
372 2225
7020 674
6188 9470
2186 479
449 2619
9594 4169
9084 6176
3561 7588
7487 1113
2880 6056
9925 5246
6742 5376
5069 712
9173 1953
3128 7313
315 940
1488 9484
7314 5317
7292 1797
3137 4196
4289 3977
7780 1564
716 345
634 538
9533 6523
8030 4800
8246 5218
8569 3971
693 6399
7477 4594
8829 6455
8149 2424
8252 3623
6563 4292
8408 2918
1833 5238
2955 458
1621 9821
6737 2110
1095 1583
8064 178
7676 6200
4007 7715
9344 9527
4634 7837
4272 1765
3709 9310
4494 9879
8127 6604
5384 4566
2361 3626
9003 4526
4646 3511
1747 323
1190 9688
631 4619
8510 583
3427 9783
9586 8267
3445 5411
3909 6010
7564 6561
512 9677
9534 9873
673 9011
4682 8229
1078 4184
4365 8945
6891 5351
1848 2344
4448 3534
9457 3349
6255 5937
7177 1895
4764 5714
5311 4801
1022 6063
2883 1664
8317 204
1821 7710
940 1123
9039 9719
2200 9241
1544 6890
9938 9586
6523 4738
7066 184
1695 4678
6012 1368
8968 7838
3968 9438
6678 1303
6732 67
6668 4872
6381 1315
5508 4662
4998 148
6720 5829
2471 8451
1460 5488
3362 3985
4051 9786
7002 6718
1528 9782
7981 8933
8054 4197
1796 2137
417 30
3896 4254
111 7410
1367 9515
4809 6272
9943 5758
742 4006
8810 4784
3402 3370
2227 1547
234 3816
6856 3529
436 3037
3385 7615
1213 979
1952 7050
2234 5901
2553 2856
2547 1782
9044 9083
4005 1285
3896 9017
568 1284
7242 1752
6720 2369
2622 3896
4551 6580
1102 7089
1035 5858
7241 3326
596 5010
3853 3498
2360 8734
7608 3194
6370 3916
8123 379
8513 8253
6000 7918
4877 5349
6734 1713
3600 4125
1659 7889
8466 182
9921 6108
8773 2863
5588 1675
5874 6536
483 1343
467 5383
1148 3356
9347 2091
9189 1540
1043 6160
6424 149
1567 7939
8127 4805
4592 3478
3009 1772
4355 6309
9835 916
6394 2938
2723 9661
5937 5390
537 8228
2452 4209
4590 7284
6766 2477
3001 9549
2677 8262
6360 324
2213 6980
2436 8940
7546 4003
3065 3491
9346 74
7540 2384
5010 940
3965 6748
584 3756
7351 7870
8113 9540
374 1388
4828 8056
4961 3630
1790 6550
8023 2757
375 9985
5318 876
5909 3550
4778 5150
9783 3406
7140 6392
1333 8765
8427 6560
1599 7242
3367 71
83 7208
1963 9003
1715 2469
9570 7392
7894 1753
4654 383
1597 6817
1533 7919
8728 8701
6589 1316
8459 6118
1841 437
