9999
9998
9995
9993
9992
9990
9989
9988
9984
9983
9982
9981
9979
9978
9975
9974
9973
9971
9968
9967
9966
9965
9964
9961
9959
9957
9955
9954
9952
9951
9950
9948
9947
9945
9944
9943
9941
9937
9936
9934
9932
9929
9926
9923
9921
9920
9919
9917
9912
9910
9909
9908
9907
9903
9901
9900
9899
9898
9897
9895
9894
9893
9892
9890
9889
9885
9882
9881
9879
9878
9877
9875
9874
9873
9872
9870
9865
9858
9857
9855
9854
9852
9851
9850
9849
9848
9846
9845
9843
9842
9840
9839
9838
9835
9833
9830
9825
9823
9822
9821
9819
9813
9808
9807
9806
9805
9801
9800
9799
9798
9797
9795
9794
9790
9788
9787
9783
9782
9779
9778
9777
9774
9771
9768
9767
9765
9760
9759
9758
9756
9755
9753
9747
9746
9745
9744
9742
9738
9736
9735
9732
9730
9729
9727
9723
9721
9720
9718
9716
9714
9712
9711
9710
9709
9708
9703
9702
9697
9696
9695
9694
9693
9692
9690
9689
9688
9685
9684
9683
9682
9680
9679
9676
9674
9673
9669
9665
9663
9662
9660
9658
9657
9656
9654
9648
9645
9643
9641
9640
9638
9637
9636
9632
9631
9629
9625
9624
9623
9616
9612
9610
9607
9606
9603
9602
9601
9596
9595
9594
9592
9590
9588
9583
9582
9580
9575
9573
9572
9571
9569
9567
9565
9561
9560
9558
9557
9556
9555
9553
9550
9549
9547
9544
9541
9540
9537
9532
9531
9530
9529
9528
9527
9525
9524
9523
9518
9516
9514
9513
9512
9508
9507
9506
9505
9504
9502
9501
9500
9499
9498
9497
9494
9490
9488
9486
9484
9480
9479
9476
9475
9474
9472
9470
9468
9467
9466
9464
9457
9455
9454
9453
9451
9449
9448
9447
9446
9445
9444
9442
9435
9433
9429
9428
9422
9420
9418
9417
9416
9415
9414
9413
9412
9410
9409
9407
9406
9405
9404
9403
9402
9400
9398
9397
9396
9393
9392
9385
9382
9381
9379
9374
9372
9371
9368
9367
9366
9363
9362
9361
9360
9359
9358
9357
9355
9353
9352
9350
9349
9348
9342
9341
9339
9338
9337
9334
9333
9329
9323
9321
9317
9316
9315
9312
9307
9303
9301
9300
9299
9297
9294
9293
9291
9289
9287
9283
9280
9278
9277
9276
9271
9268
9267
9262
9261
9260
9259
9258
9256
9255
9254
9251
9246
9242
9241
9236
9234
9229
9228
9227
9226
9222
9217
9216
9215
9214
9213
9212
9211
9209
9208
9207
9205
9204
9203
9202
9201
9200
9194
9192
9191
9190
9189
9188
9186
9185
9184
9181
9179
9178
9176
9171
9170
9169
9167
9165
9164
9159
9158
9157
9155
9153
9151
9150
9148
9146
9143
9139
9136
9135
9134
9133
9132
9130
9129
9128
9126
9124
9123
9122
9120
9119
9118
9110
9107
9106
9104
9102
9098
9092
9090
9089
9086
9084
9083
9080
9076
9075
9074
9073
9072
9071
9070
9069
9066
9064
9063
9062
9061
9059
9058
9056
9054
9053
9048
9045
9043
9042
9039
9037
9033
9031
9030
9029
9028
9027
9026
9024
9021
9020
9017
9016
9010
9009
9008
9006
9005
9004
9003
9002
9000
8999
8998
8997
8996
8995
8994
8990
8988
8986
8984
8983
8982
8981
8979
8978
8977
8976
8975
8969
8968
8966
8963
8962
8961
8956
8955
8951
8950
8948
8945
8944
8943
8935
8934
8933
8931
8928
8925
8924
8920
8919
8918
8917
8914
8913
8912
8911
8910
8908
8907
8904
8900
8899
8898
8897
8896
8895
8894
8893
8892
8890
8888
8887
8886
8881
8880
8875
8874
8872
8870
8869
8868
8867
8866
8863
8862
8859
8858
8857
8856
8853
8852
8851
8850
8848
8847
8842
8841
8840
8839
8837
8836
8829
8826
8823
8822
8821
8818
8817
8815
8813
8812
8811
8807
8806
8804
8801
8794
8793
8792
8791
8787
8786
8784
8782
8781
8776
8771
8763
8762
8759
8758
8757
8756
8755
8753
8749
8747
8746
8745
8744
8742
8740
8738
8734
8732
8731
8729
8728
8723
8721
8719
8717
8715
8713
8712
8710
8708
8707
8706
8704
8701
8699
8698
8697
8696
8694
8693
8691
8689
8688
8686
8684
8683
8682
8680
8678
8676
8675
8674
8673
8672
8671
8670
8667
8666
8663
8662
8660
8654
8653
8650
8649
8647
8646
8645
8643
8640
8639
8637
8635
8632
8630
8627
8626
8624
8620
8617
8616
8615
8614
8611
8610
8607
8606
8603
8601
8599
8597
8595
8594
8593
8590
8588
8584
8583
8582
8579
8578
8577
8575
8573
8572
8571
8570
8569
8566
8559
8554
8553
8552
8549
8548
8546
8545
8544
8543
8542
8540
8539
8537
8536
8535
8534
8533
8531
8530
8525
8523
8522
8521
8519
8512
8509
8505
8503
8502
8501
8498
8497
8496
8494
8493
8490
8489
8488
8487
8483
8482
8481
8480
8478
8477
8476
8475
8474
8472
8470
8465
8463
8462
8460
8459
8456
8455
8451
8450
8447
8444
8443
8442
8440
8438
8436
8433
8432
8429
8426
8424
8422
8421
8419
8418
8417
8413
8412
8411
8410
8409
8407
8405
8404
8402
8400
8399
8398
8397
8395
8393
8392
8391
8386
8385
8384
8383
8380
8378
8375
8374
8370
8366
8364
8362
8360
8357
8355
8354
8353
8350
8348
8347
8343
8342
8341
8340
8339
8338
8337
8335
8331
8329
8325
8324
8323
8320
8319
8318
8315
8314
8312
8311
8309
8308
8305
8303
8301
8300
8299
8297
8296
8295
8294
8288
8287
8285
8283
8275
8269
8268
8266
8265
8262
8259
8258
8255
8251
8250
8249
8248
8246
8244
8241
8240
8239
8238
8235
8232
8229
8228
8227
8223
8218
8214
8213
8212
8209
8208
8207
8205
8204
8199
8196
8189
8186
8184
8180
8179
8177
8172
8171
8170
8168
8167
8166
8162
8159
8157
8155
8151
8150
8148
8147
8144
8143
8142
8141
8138
8135
8134
8132
8130
8127
8122
8121
8117
8116
8113
8111
8110
8109
8107
8105
8104
8100
8099
8096
8095
8093
8088
8087
8086
8083
8082
8077
8073
8072
8071
8067
8063
8062
8060
8059
8057
8056
8051
8049
8048
8046
8044
8042
8041
8038
8035
8033
8029
8027
8024
8023
8021
8018
8016
8012
8009
8008
8003
8002
8000
7999
7996
7994
7993
7991
7982
7974
7973
7969
7967
7966
7965
7964
7962
7961
7959
7958
7955
7950
7949
7948
7947
7945
7944
7941
7939
7938
7937
7933
7928
7925
7923
7920
7915
7914
7910
7909
7908
7907
7905
7903
7902
7901
7897
7896
7895
7893
7892
7891
7890
7889
7888
7886
7885
7882
7880
7879
7874
7873
7872
7871
7869
7868
7866
7865
7862
7860
7857
7853
7848
7847
7844
7842
7841
7839
7838
7837
7836
7835
7833
7832
7831
7830
7827
7825
7824
7822
7821
7817
7815
7814
7813
7810
7809
7808
7807
7806
7804
7803
7801
7798
7796
7793
7791
7790
7786
7782
7781
7778
7777
7774
7773
7768
7765
7764
7763
7761
7760
7759
7753
7751
7750
7745
7744
7742
7740
7739
7738
7736
7735
7734
7731
7729
7728
7727
7726
7720
7718
7717
7716
7713
7711
7710
7709
7708
7707
7703
7700
7698
7697
7695
7692
7691
7690
7687
7685
7682
7681
7674
7673
7671
7667
7665
7663
7661
7660
7657
7656
7655
7652
7651
7650
7649
7647
7646
7645
7643
7642
7640
7639
7637
7635
7634
7632
7631
7630
7629
7626
7624
7621
7620
7618
7616
7614
7611
7610
7606
7604
7603
7602
7600
7599
7598
7594
7592
7591
7590
7589
7587
7586
7585
7581
7579
7578
7574
7570
7569
7568
7566
7563
7562
7561
7559
7556
7555
7554
7552
7551
7547
7545
7540
7539
7538
7537
7536
7535
7534
7533
7528
7526
7524
7523
7521
7519
7518
7517
7513
7512
7507
7503
7497
7495
7494
7493
7492
7491
7489
7487
7485
7482
7480
7478
7477
7473
7471
7468
7467
7466
7458
7455
7453
7447
7446
7445
7444
7443
7441
7440
7439
7435
7433
7432
7431
7429
7428
7427
7426
7424
7423
7422
7421
7419
7418
7415
7412
7411
7409
7400
7399
7397
7396
7395
7393
7392
7390
7389
7388
7387
7386
7385
7383
7381
7379
7378
7373
7372
7371
7369
7365
7362
7361
7360
7356
7355
7354
7352
7350
7349
7346
7345
7343
7341
7340
7338
7335
7332
7331
7328
7327
7326
7325
7324
7323
7322
7321
7320
7317
7312
7311
7309
7306
7305
7304
7303
7301
7300
7298
7297
7296
7295
7294
7293
7291
7288
7278
7268
7267
7266
7264
7262
7261
7258
7257
7254
7253
7252
7251
7250
7247
7244
7242
7239
7237
7235
7234
7233
7231
7230
7229
7228
7227
7225
7221
7218
7216
7215
7214
7212
7211
7208
7207
7201
7197
7194
7193
7192
7191
7190
7186
7185
7181
7180
7179
7177
7172
7171
7170
7168
7167
7166
7163
7159
7158
7157
7148
7147
7145
7141
7139
7137
7136
7135
7129
7125
7121
7120
7118
7117
7115
7114
7113
7112
7111
7108
7106
7104
7101
7095
7092
7088
7087
7085
7084
7081
7079
7077
7075
7074
7073
7069
7068
7067
7066
7060
7058
7055
7047
7045
7042
7041
7039
7038
7036
7034
7032
7031
7030
7029
7028
7027
7026
7024
7023
7022
7020
7019
7017
7013
7012
7011
7010
7008
7006
7005
7002
6997
6996
6995
6991
6990
6989
6987
6986
6984
6980
6979
6978
6977
6975
6974
6971
6970
6965
6964
6962
6960
6959
6957
6956
6955
6947
6944
6941
6939
6938
6937
6935
6934
6933
6931
6929
6925
6924
6923
6921
6920
6918
6917
6916
6915
6914
6911
6908
6906
6905
6904
6900
6895
6888
6886
6885
6884
6883
6880
6875
6872
6870
6867
6865
6864
6860
6859
6856
6855
6854
6853
6850
6849
6848
6847
6846
6845
6843
6842
6841
6840
6839
6838
6834
6833
6831
6830
6829
6827
6826
6823
6820
6819
6816
6815
6813
6812
6808
6806
6803
6801
6800
6799
6798
6797
6795
6793
6791
6790
6789
6788
6785
6784
6779
6778
6777
6776
6772
6770
6768
6766
6763
6762
6761
6759
6757
6756
6754
6751
6750
6745
6743
6742
6741
6738
6737
6736
6731
6730
6728
6727
6726
6721
6720
6717
6716
6715
6714
6713
6708
6707
6704
6703
6702
6701
6700
6699
6695
6694
6693
6690
6689
6688
6686
6684
6683
6679
6677
6675
6671
6666
6665
6664
6662
6659
6658
6650
6649
6643
6641
6639
6638
6635
6634
6632
6628
6627
6626
6625
6619
6614
6612
6611
6610
6609
6606
6605
6603
6599
6597
6594
6592
6589
6586
6585
6583
6582
6580
6577
6576
6574
6573
6571
6569
6568
6567
6566
6565
6564
6562
6558
6554
6550
6549
6545
6542
6536
6535
6534
6533
6530
6529
6527
6526
6525
6524
6522
6521
6519
6513
6510
6508
6503
6502
6500
6497
6495
6494
6492
6490
6484
6481
6480
6477
6474
6473
6471
6469
6460
6459
6458
6457
6456
6453
6451
6450
6449
6446
6445
6444
6443
6442
6441
6440
6439
6438
6435
6432
6431
6429
6427
6425
6424
6423
6416
6415
6412
6409
6407
6405
6403
6401
6399
6398
6395
6392
6391
6390
6384
6382
6381
6379
6378
6377
6374
6371
6370
6368
6366
6365
6364
6363
6361
6359
6358
6356
6353
6352
6351
6349
6347
6342
6340
6339
6337
6336
6335
6333
6331
6330
6327
6325
6324
6323
6319
6318
6317
6316
6314
6312
6311
6310
6307
6304
6300
6299
6298
6290
6288
6286
6282
6281
6279
6277
6272
6269
6268
6264
6259
6255
6254
6252
6249
6247
6246
6244
6242
6241
6240
6238
6234
6233
6230
6229
6228
6227
6225
6222
6220
6212
6211
6209
6206
6205
6204
6203
6201
6200
6196
6195
6193
6192
6191
6188
6186
6185
6184
6183
6182
6178
6177
6176
6170
6169
6168
6167
6165
6163
6159
6158
6155
6153
6152
6151
6150
6149
6144
6140
6131
6130
6129
6122
6118
6113
6111
6110
6109
6108
6105
6104
6100
6099
6093
6090
6087
6085
6084
6083
6081
6078
6076
6073
6070
6069
6068
6062
6061
6058
6054
6051
6050
6047
6046
6045
6044
6039
6038
6036
6033
6032
6030
6027
6024
6023
6020
6018
6017
6016
6014
6013
6003
6002
6000
5999
5998
5997
5996
5995
5994
5991
5986
5984
5981
5980
5978
5977
5973
5967
5965
5962
5960
5956
5954
5953
5952
5951
5949
5948
5944
5941
5938
5935
5934
5933
5932
5931
5930
5925
5923
5920
5915
5914
5911
5909
5908
5907
5906
5904
5903
5901
5900
5898
5896
5895
5894
5891
5887
5886
5882
5880
5879
5876
5875
5874
5871
5870
5868
5867
5866
5865
5864
5863
5861
5859
5857
5855
5851
5850
5848
5847
5846
5842
5841
5838
5837
5835
5834
5832
5829
5827
5826
5822
5821
5820
5819
5816
5815
5814
5810
5809
5808
5807
5805
5804
5803
5802
5800
5799
5797
5795
5792
5791
5785
5784
5781
5779
5775
5774
5773
5771
5768
5767
5766
5762
5760
5759
5758
5757
5756
5755
5754
5753
5752
5751
5750
5749
5748
5747
5746
5745
5742
5741
5733
5732
5730
5729
5726
5725
5724
5720
5716
5714
5712
5711
5710
5709
5708
5706
5704
5702
5701
5700
5698
5696
5693
5692
5691
5689
5688
5686
5685
5684
5681
5677
5676
5675
5674
5668
5664
5661
5660
5659
5657
5656
5654
5653
5651
5649
5644
5641
5640
5636
5635
5631
5630
5629
5628
5626
5623
5622
5621
5620
5619
5618
5617
5614
5612
5611
5610
5607
5606
5599
5596
5595
5594
5593
5582
5580
5577
5576
5575
5573
5567
5565
5563
5561
5560
5558
5557
5555
5551
5550
5548
5546
5543
5542
5541
5537
5532
5530
5526
5524
5522
5519
5518
5511
5509
5506
5504
5503
5502
5500
5499
5498
5495
5494
5492
5490
5489
5487
5486
5484
5483
5481
5480
5479
5475
5472
5469
5468
5464
5461
5459
5454
5453
5452
5451
5449
5445
5444
5443
5442
5440
5437
5435
5432
5427
5420
5419
5418
5417
5416
5415
5413
5411
5409
5405
5403
5400
5399
5398
5397
5395
5394
5390
5389
5386
5385
5384
5379
5378
5377
5376
5374
5373
5371
5370
5369
5364
5362
5360
5358
5355
5353
5350
5348
5347
5345
5344
5343
5341
5340
5339
5335
5334
5330
5328
5327
5326
5321
5319
5316
5312
5309
5308
5305
5304
5303
5300
5299
5297
5296
5295
5294
5293
5291
5289
5288
5282
5279
5278
5273
5272
5270
5265
5264
5263
5256
5254
5253
5252
5250
5247
5246
5243
5239
5236
5230
5229
5228
5224
5223
5221
5219
5212
5211
5210
5208
5207
5205
5204
5200
5199
5196
5195
5193
5192
5191
5190
5187
5184
5183
5182
5177
5176
5175
5173
5171
5170
5169
5167
5163
5161
5159
5155
5152
5151
5147
5145
5138
5134
5128
5126
5123
5122
5121
5120
5119
5117
5116
5115
5113
5112
5111
5110
5109
5108
5107
5105
5104
5101
5100
5098
5097
5095
5093
5092
5089
5086
5083
5080
5079
5074
5073
5072
5071
5069
5068
5066
5063
5061
5058
5057
5052
5051
5050
5049
5048
5047
5045
5043
5042
5041
5035
5033
5032
5031
5029
5028
5026
5024
5022
5020
5016
5015
5012
5011
5009
5008
5006
5005
5003
5002
4998
4997
4996
4992
4989
4986
4984
4982
4975
4973
4972
4968
4967
4965
4959
4958
4957
4955
4953
4952
4951
4949
4948
4946
4945
4944
4942
4940
4939
4938
4937
4935
4933
4932
4929
4928
4927
4922
4920
4919
4918
4917
4915
4912
4911
4910
4909
4908
4907
4906
4905
4902
4901
4895
4893
4892
4886
4885
4884
4883
4880
4876
4875
4874
4871
4870
4869
4868
4866
4864
4861
4860
4858
4851
4849
4848
4847
4845
4844
4843
4841
4840
4839
4837
4835
4833
4831
4829
4827
4826
4825
4823
4821
4817
4814
4813
4812
4810
4808
4807
4806
4804
4803
4801
4800
4799
4793
4792
4790
4785
4781
4780
4778
4777
4776
4772
4768
4764
4763
4762
4761
4760
4759
4758
4757
4754
4752
4751
4749
4745
4743
4742
4740
4737
4733
4732
4730
4728
4726
4724
4721
4717
4716
4714
4711
4709
4708
4707
4705
4701
4698
4696
4693
4691
4689
4688
4687
4686
4684
4682
4681
4680
4678
4677
4673
4670
4669
4668
4666
4664
4663
4661
4658
4656
4655
4653
4650
4649
4646
4645
4644
4638
4637
4635
4633
4631
4629
4626
4623
4621
4620
4619
4618
4613
4612
4610
4609
4602
4601
4600
4599
4598
4593
4592
4591
4590
4589
4587
4584
4583
4582
4581
4580
4579
4578
4577
4577
4576
4573
4572
4571
4569
4568
4564
4563
4562
4561
4559
4558
4554
4551
4550
4549
4545
4541
4540
4535
4532
4530
4529
4527
4526
4523
4521
4518
4515
4513
4511
4510
4509
4502
4500
4498
4497
4493
4492
4490
4484
4482
4481
4479
4477
4475
4473
4472
4471
4469
4468
4467
4466
4463
4462
4460
4459
4453
4452
4443
4441
4437
4436
4433
4432
4430
4425
4424
4423
4421
4421
4418
4415
4412
4411
4410
4409
4406
4405
4404
4403
4401
4400
4398
4396
4395
4391
4389
4388
4386
4385
4384
4383
4381
4379
4378
4376
4375
4373
4369
4369
4368
4365
4362
4361
4360
4359
4358
4357
4356
4353
4350
4349
4348
4347
4343
4342
4342
4338
4337
4335
4333
4332
4330
4329
4328
4327
4325
4323
4322
4321
4320
4318
4314
4312
4309
4306
4305
4305
4304
4301
4299
4296
4295
4294
4293
4289
4288
4287
4281
4280
4279
4279
4277
4274
4272
4271
4270
4269
4268
4267
4265
4261
4258
4257
4249
4248
4247
4245
4244
4243
4242
4241
4240
4239
4238
4235
4234
4233
4232
4230
4228
4225
4224
4222
4217
4215
4214
4213
4212
4211
4210
4209
4208
4205
4204
4204
4202
4200
4194
4190
4188
4186
4178
4175
4174
4173
4171
4166
4164
4163
4162
4160
4158
4157
4156
4155
4154
4148
4147
4146
4140
4139
4136
4134
4133
4132
4131
4130
4129
4127
4126
4125
4124
4123
4121
4120
4119
4116
4115
4105
4104
4100
4099
4096
4095
4093
4090
4088
4085
4083
4081
4080
4079
4078
4076
4071
4069
4068
4066
4064
4063
4062
4061
4060
4059
4058
4057
4055
4053
4051
4050
4048
4047
4045
4044
4043
4042
4039
4038
4035
4034
4033
4032
4031
4028
4026
4025
4024
4023
4021
4020
4019
4017
4015
4013
4010
4007
4006
4003
4001
4000
3998
3998
3995
3993
3992
3989
3987
3986
3984
3979
3978
3977
3976
3974
3971
3970
3969
3966
3963
3961
3960
3957
3955
3951
3949
3946
3945
3943
3942
3940
3939
3935
3933
3932
3931
3929
3926
3925
3923
3922
3921
3920
3918
3917
3915
3913
3912
3911
3908
3907
3906
3904
3901
3900
3899
3898
3896
3894
3893
3891
3890
3889
3888
3886
3883
3883
3881
3880
3875
3873
3872
3869
3868
3867
3866
3865
3862
3861
3858
3857
3855
3855
3848
3847
3846
3845
3844
3843
3842
3839
3836
3835
3834
3834
3833
3832
3830
3826
3822
3821
3820
3819
3814
3814
3813
3812
3812
3811
3810
3808
3806
3804
3803
3799
3797
3796
3793
3791
3789
3785
3784
3783
3782
3781
3780
3776
3775
3769
3768
3767
3766
3764
3763
3761
3761
3759
3758
3758
3755
3754
3753
3752
3750
3749
3748
3747
3746
3745
3742
3741
3739
3738
3737
3737
3735
3734
3731
3731
3727
3725
3723
3717
3717
3716
3715
3715
3711
3706
3704
3703
3701
3700
3699
3698
3697
3694
3693
3693
3691
3690
3690
3690
3688
3683
3681
3680
3679
3678
3676
3675
3674
3672
3672
3670
3668
3666
3666
3665
3662
3662
3661
3660
3660
3659
3658
3657
3656
3655
3651
3651
3650
3647
3646
3645
3643
3640
3638
3637
3635
3634
3634
3633
3632
3630
3628
3623
3619
3616
3613
3613
3612
3608
3607
3606
3605
3602
3600
3599
3597
3597
3595
3594
3593
3593
3592
3590
3589
3585
3584
3582
3580
3579
3579
3578
3576
3574
3574
3573
3572
3572
3567
3566
3564
3557
3556
3555
3554
3553
3551
3551
3551
3550
3548
3547
3546
3546
3544
3543
3541
3540
3539
3537
3534
3530
3529
3528
3527
3526
3526
3525
3523
3522
3520
3520
3519
3518
3517
3516
3515
3513
3511
3508
3506
3503
3502
3501
3498
3494
3493
3492
3490
3488
3487
3486
3485
3484
3483
3482
3481
3477
3476
3476
3475
3472
3468
3466
3465
3464
3463
3461
3460
3459
3457
3455
3451
3450
3450
3448
3447
3446
3444
3443
3443
3442
3439
3439
3439
3438
3438
3438
3437
3436
3436
3433
3431
3427
3426
3425
3420
3418
3417
3415
3415
3414
3412
3410
3408
3408
3407
3407
3405
3404
3403
3402
3401
3398
3397
3396
3395
3394
3394
3394
3393
3391
3390
3388
3387
3386
3385
3385
3384
3383
3381
3380
3378
3378
3375
3374
3373
3369
3368
3367
3367
3364
3362
3361
3359
3358
3357
3357
3357
3355
3354
3351
3349
3348
3346
3345
3343
3339
3337
3337
3336
3335
3335
3330
3329
3328
3327
3326
3325
3324
3323
3321
3320
3319
3318
3316
3316
3316
3315
3315
3314
3313
3312
3311
3310
3309
3308
3307
3305
3304
3302
3300
3299
3297
3295
3293
3292
3291
3291
3287
3286
3284
3280
3279
3277
3276
3274
3273
3273
3272
3271
3270
3269
3267
3265
3264
3260
3260
3258
3256
3253
3249
3246
3245
3245
3242
3241
3240
3239
3238
3237
3235
3235
3235
3234
3233
3233
3233
3232
3230
3227
3226
3225
3224
3223
3222
3222
3221
3219
3218
3218
3216
3215
3211
3211
3210
3209
3204
3202
3202
3200
3199
3195
3195
3194
3193
3192
3191
3181
3179
3178
3176
3173
3172
3171
3170
3169
3169
3168
3165
3164
3163
3161
3161
3160
3159
3158
3157
3157
3156
3156
3155
3154
3153
3151
3149
3147
3146
3144
3143
3142
3139
3135
3134
3132
3130
3128
3127
3126
3124
3121
3120
3119
3118
3116
3111
3110
3109
3107
3106
3103
3103
3103
3101
3100
3099
3098
3097
3096
3095
3094
3092
3088
3087
3086
3085
3084
3083
3082
3081
3079
3076
3073
3071
3070
3070
3070
3069
3069
3069
3068
3067
3066
3065
3063
3062
3058
3056
3055
3053
3052
3051
3050
3049
3047
3045
3042
3041
3041
3040
3039
3038
3036
3035
3034
3033
3033
3033
3032
3031
3030
3029
3028
3027
3026
3025
3025
3024
3023
3022
3022
3021
3020
3019
3018
3017
3014
3011
3007
3006
3006
3005
3004
3002
2999
2998
2997
2996
2995
2993
2992
2991
2990
2988
2981
2980
2979
2978
2977
2976
2976
2976
2975
2973
2972
2972
2971
2970
2968
2967
2963
2962
2959
2955
2954
2951
2951
2950
2948
2947
2947
2944
2942
2940
2939
2938
2936
2933
2932
2931
2930
2929
2927
2926
2926
2925
2924
2924
2923
2923
2922
2921
2920
2918
2916
2915
2911
2910
2907
2906
2904
2903
2903
2902
2902
2899
2898
2897
2896
2894
2894
2893
2892
2889
2887
2887
2886
2886
2885
2884
2883
2882
2881
2881
2880
2880
2880
2880
2879
2878
2877
2876
2875
2871
2871
2870
2869
2868
2865
2865
2865
2864
2864
2863
2863
2860
2859
2859
2858
2857
2856
2854
2853
2850
2849
2847
2844
2843
2838
2838
2836
2835
2835
2834
2833
2833
2833
2833
2832
2832
2830
2829
2824
2824
2822
2818
2816
2814
2812
2812
2811
2809
2808
2807
2804
2803
2802
2801
2800
2800
2800
2799
2798
2797
2796
2795
2794
2785
2782
2781
2775
2775
2774
2773
2772
2771
2771
2770
2770
2769
2767
2767
2766
2763
2757
2756
2756
2755
2755
2754
2751
2751
2751
2747
2747
2746
2745
2743
2742
2742
2742
2741
2740
2737
2736
2735
2733
2728
2727
2726
2725
2724
2723
2722
2722
2721
2718
2717
2715
2714
2713
2711
2711
2710
2709
2708
2707
2707
2707
2706
2704
2703
2702
2700
2699
2698
2698
2695
2693
2693
2691
2681
2680
2678
2674
2672
2672
2671
2670
2669
2668
2667
2665
2665
2665
2664
2663
2661
2659
2659
2658
2657
2656
2656
2655
2655
2655
2654
2654
2654
2652
2651
2649
2648
2647
2647
2645
2644
2644
2643
2642
2641
2641
2639
2637
2637
2635
2634
2633
2632
2627
2626
2624
2623
2623
2622
2622
2622
2619
2618
2617
2616
2616
2616
2611
2610
2608
2608
2607
2607
2606
2606
2605
2604
2604
2603
2602
2601
2601
2599
2598
2596
2593
2591
2590
2590
2589
2588
2588
2587
2587
2586
2585
2584
2583
2580
2579
2578
2578
2577
2572
2571
2571
2570
2568
2566
2565
2565
2564
2562
2560
2558
2557
2557
2555
2554
2554
2554
2553
2551
2550
2548
2546
2546
2544
2544
2543
2542
2541
2540
2539
2539
2537
2535
2535
2535
2534
2532
2531
2528
2527
2527
2526
2526
2525
2524
2522
2522
2520
2519
2518
2517
2516
2515
2512
2511
2510
2508
2507
2506
2505
2505
2505
2505
2503
2503
2500
2499
2499
2496
2495
2494
2493
2492
2492
2489
2486
2485
2484
2484
2483
2481
2478
2477
2476
2476
2475
2475
2475
2474
2473
2471
2470
2469
2469
2468
2467
2465
2464
2464
2463
2462
2460
2460
2459
2456
2450
2449
2448
2445
2444
2444
2441
2441
2441
2439
2438
2438
2438
2437
2436
2435
2434
2433
2431
2430
2429
2426
2425
2425
2422
2421
2420
2419
2415
2415
2414
2414
2413
2413
2412
2411
2408
2407
2406
2405
2403
2403
2402
2402
2401
2401
2399
2396
2395
2394
2393
2393
2392
2390
2389
2387
2386
2386
2386
2385
2384
2383
2382
2381
2379
2378
2377
2376
2375
2373
2372
2369
2368
2368
2367
2366
2365
2365
2365
2364
2361
2356
2354
2353
2351
2351
2350
2350
2350
2349
2348
2346
2346
2346
2345
2345
2344
2344
2343
2342
2341
2337
2336
2334
2334
2334
2332
2332
2331
2330
2329
2329
2328
2326
2325
2325
2324
2322
2321
2320
2320
2318
2317
2314
2312
2312
2310
2309
2308
2308
2307
2306
2304
2302
2301
2301
2299
2298
2297
2297
2295
2292
2291
2291
2290
2290
2288
2287
2285
2285
2285
2281
2281
2281
2279
2278
2276
2274
2274
2274
2272
2271
2270
2269
2269
2269
2269
2268
2268
2266
2264
2264
2263
2262
2261
2260
2259
2258
2257
2257
2255
2254
2254
2252
2251
2250
2248
2248
2248
2246
2245
2244
2241
2241
2240
2240
2239
2238
2237
2235
2234
2234
2231
2231
2229
2229
2228
2226
2225
2224
2224
2224
2224
2224
2224
2224
2224
2224
2224
2224
2223
2222
2221
2221
2220
2218
2218
2217
2215
2212
2212
2212
2210
2209
2209
2208
2207
2204
2202
2202
2202
2202
2201
2200
2199
2198
2196
2192
2192
2191
2190
2189
2188
2188
2185
2184
2183
2182
2181
2180
2180
2179
2178
2176
2174
2173
2172
2170
2169
2169
2169
2168
2168
2167
2165
2165
2165
2164
2164
2163
2161
2161
2161
2158
2157
2156
2155
2153
2152
2151
2149
2147
2146
2143
2141
2141
2140
2137
2134
2133
2132
2132
2129
2128
2128
2127
2125
2125
2124
2123
2121
2121
2120
2120
2117
2116
2114
2113
2112
2110
2109
2108
2108
2108
2107
2105
2105
2105
2104
2101
2101
2100
2099
2098
2098
2098
2096
2096
2096
2095
2095
2094
2092
2090
2089
2089
2089
2089
2088
2088
2088
2087
2087
2084
2084
2081
2080
2078
2077
2077
2076
2074
2073
2072
2071
2068
2067
2065
2065
2064
2063
2061
2060
2059
2058
2058
2057
2056
2056
2055
2053
2053
2051
2048
2047
2044
2043
2041
2039
2036
2035
2035
2034
2033
2032
2030
2028
2028
2027
2027
2027
2026
2026
2025
2024
2024
2024
2023
2020
2019
2017
2016
2016
2016
2016
2016
2016
2016
2016
2015
2014
2013
2013
2013
2012
2011
2011
2010
2010
2009
2009
2006
2005
2005
2003
2002
2002
2002
2001
2001
2000
1999
1999
1999
1999
1998
1998
1998
1998
1997
1997
1996
1996
1996
1995
1994
1993
1992
1989
1988
1986
1985
1983
1981
1979
1979
1977
1977
1976
1976
1976
1976
1974
1973
1972
1971
1971
1971
1968
1967
1967
1966
1964
1964
1963
1962
1961
1961
1957
1956
1954
1954
1953
1951
1949
1949
1949
1947
1946
1946
1946
1946
1946
1946
1946
1945
1944
1943
1943
1941
1940
1939
1937
1937
1936
1936
1935
1935
1934
1933
1932
1932
1932
1931
1931
1931
1929
1928
1927
1927
1927
1927
1927
1927
1925
1923
1921
1920
1919
1918
1917
1915
1914
1914
1914
1913
1912
1912
1911
1910
1910
1909
1909
1909
1909
1908
1907
1907
1906
1906
1906
1905
1903
1902
1901
1900
1899
1899
1897
1896
1894
1894
1893
1891
1888
1886
1884
1884
1884
1884
1883
1882
1881
1881
1879
1879
1879
1877
1876
1874
1873
1873
1871
1871
1869
1867
1867
1867
1867
1867
1867
1866
1866
1865
1864
1863
1862
1862
1862
1861
1859
1859
1859
1858
1857
1856
1855
1855
1854
1854
1853
1852
1849
1848
1848
1845
1844
1843
1839
1837
1837
1837
1836
1836
1836
1835
1834
1834
1833
1833
1832
1829
1829
1828
1828
1827
1827
1827
1826
1826
1825
1824
1824
1824
1824
1823
1822
1820
1820
1819
1819
1819
1819
1819
1818
1816
1815
1814
1813
1812
1811
1809
1809
1808
1807
1806
1805
1805
1805
1805
1805
1805
1804
1802
1801
1801
1801
1801
1800
1800
1797
1797
1796
1796
1794
1792
1791
1791
1791
1790
1789
1788
1788
1788
1787
1786
1785
1785
1785
1785
1784
1784
1783
1783
1782
1780
1780
1780
1779
1778
1778
1778
1778
1777
1775
1774
1774
1774
1774
1774
1774
1773
1772
1771
1770
1770
1768
1768
1768
1768
1767
1766
1765
1765
1765
1764
1764
1763
1763
1762
1761
1760
1759
1758
1758
1758
1757
1756
1755
1755
1753
1752
1751
1750
1748
1748
1746
1743
1743
1743
1743
1743
1743
1741
1741
1740
1740
1740
1740
1738
1738
1738
1738
1736
1735
1735
1734
1732
1731
1730
1730
1728
1727
1727
1726
1725
1724
1724
1722
1721
1720
1720
1720
1720
1719
1719
1719
1719
1717
1717
1716
1716
1716
1716
1715
1714
1713
1713
1712
1711
1710
1709
1709
1708
1708
1707
1706
1705
1705
1705
1704
1703
1703
1703
1701
1699
1698
1693
1691
1691
1691
1690
1689
1688
1688
1685
1685
1684
1683
1683
1683
1683
1682
1681
1681
1681
1680
1677
1677
1676
1673
1673
1672
1671
1669
1668
1666
1665
1664
1664
1663
1662
1661
1660
1660
1660
1659
1658
1657
1657
1657
1654
1654
1653
1651
1651
1651
1650
1650
1649
1647
1647
1647
1647
1647
1647
1644
1642
1640
1639
1639
1638
1636
1636
1636
1635
1635
1633
1633
1632
1632
